http://lottery.kapook.com/2558/2015-12-30.html
FIRST 008217
THREE_FIRST 246 264
THREE_LAST 895 596
TWO 02
NEAR_FIRST 008216 008218
SECOND 343328 543268 587804 690256 816492 
THIRD 009764 417994 463963 547641 695166 695442 763512 837818 901994 906490 
FOURTH 038990 046243 067885 069814 080874 082126 095746 128198 130204 144847 158314 197505 208894 215346 252344 278000 280362 332602 333382 359594 360912 367057 370868 377485 443959 484512 487215 489797 492832 521074 542603 585613 586004 589650 663715 677997 681234 698376 710844 712920 714133 725962 793535 806755 816668 868430 918571 957590 974911 975397 
FIFTH 022587 032601 034917 034944 038004 042747 061444 079421 079437 080712 106439 107356 128087 128439 142482 146519 152417 161027 182964 209056 210506 215951 220392 242344 245977 257166 259446 260228 267133 272792 285852 287749 297963 300773 307538 316700 321926 329957 330533 345623 352811 359044 367856 370892 374946 384975 391863 394448 410823 423728 432558 520015 526061 526851 528295 530525 531553 533327 546577 547734 562959 575856 596963 619477 623471 625789 650932 673880 676409 759628 766930 770881 790971 798045 798104 804357 811891 820247 828751 839067 841523 864328 864696 869157 870068 871299 873963 874688 876737 877823 900023 903299 915787 934717 954330 959184 961473 971938 980469 999429 
