http://lottery.kapook.com/2558/2015-09-16.html
FIRST 743148
THREE_FIRST 435 209
THREE_LAST 375 084
TWO 06
NEAR_FIRST 743147 743149
SECOND 256213 428676 578050 902293 976084 
THIRD 070764 081853 092726 193258 197197 221784 521349 558156 852021 927532 
FOURTH 002054 013707 018774 021487 024302 062855 088890 089428 101751 157472 165713 199432 215573 224718 236129 239060 244300 269677 277245 321782 324554 330006 364474 418325 424648 453359 473850 481484 625660 630980 634626 690999 708124 733471 740194 759044 783103 799285 810452 823434 830119 839447 844772 847966 927162 927719 979830 980987 985386 986398 
FIFTH 001701 013966 024358 044997 058549 065342 071829 085606 093382 098960 137390 143763 150682 160508 172252 173231 181304 182747 193847 195499 195896 197327 198373 201718 206322 283224 289236 290739 293166 318311 335877 338169 354632 363639 367626 381794 384162 386726 392931 394992 397980 404999 409022 413141 428748 428943 433892 446728 452320 472633 478830 511802 526806 533667 554406 563294 575914 589663 596704 605489 620641 634384 642676 669859 676076 678505 700693 723338 726648 739596 741889 757868 759373 761758 767986 773062 781098 789150 793289 809689 811356 818158 846737 853694 853879 865128 874249 901627 906918 910223 915080 915447 943623 947011 955014 957331 969301 980499 990473 998835 
