http://lottery.kapook.com/2559/2016-04-01.html
FIRST 066720
THREE_FIRST 546 390
THREE_LAST 285 852
TWO 92
NEAR_FIRST 066719 066721
SECOND 038054 194453 277373 286427 477370 
THIRD 088651 141643 257968 387132 511698 565119 586687 732270 773305 964778 
FOURTH 034340 048187 049532 056674 073369 083878 107685 114887 157773 179614 181591 183215 198106 198624 210493 258578 326524 363580 366231 390443 403467 417439 442822 448786 462092 477515 478002 483446 484293 489774 494036 539732 547527 648649 665946 689674 704114 741471 761549 765448 786893 788130 847197 888353 898542 908398 920370 941889 973577 979237 
FIFTH 005969 008312 014034 020135 031810 035772 036783 039820 041139 067096 078898 089156 094335 162903 167836 168842 209627 219456 219824 226538 266474 271655 274776 279651 281374 295004 303791 318639 335883 355252 362596 386596 391401 404406 404711 408742 423966 425902 431444 433725 447791 457607 460000 473283 483829 487489 534619 534799 544017 569285 591532 601712 606117 610357 629155 633434 634860 638283 647515 648685 656433 661361 661518 663239 665700 673735 682350 691304 705758 714721 727635 748286 754554 756388 757739 768767 770719 784492 788864 802365 809284 810469 810517 823830 828767 838291 843420 856976 863927 865249 905626 924189 939531 945668 946463 952533 962917 964482 973990 990976 
