http://lottery.kapook.com/2559/2016-06-16.html
FIRST 073816
THREE_FIRST 804 251
THREE_LAST 749 321
TWO 79
NEAR_FIRST 073815 073817
SECOND 484842 522445 547936 804087 958911 
THIRD 094362 102256 169467 358859 411439 489860 560494 625908 950034 976991 
FOURTH 012061 029012 049521 061529 067961 073383 124440 150387 176051 211871 233953 257914 309735 321221 328154 345280 349182 354803 359850 369162 397666 426532 427791 488810 499114 509948 514897 524520 589075 614173 638556 701895 730363 739616 751388 754239 766634 840669 861955 877076 877517 878822 885427 891514 891843 901129 955475 968275 987149 999519 
FIFTH 003024 013035 030875 031078 055126 057760 076835 078539 084623 086196 092502 106678 116857 143236 146834 148967 164098 181071 182190 202383 214820 215720 226442 232171 254518 265832 287051 301755 304243 313131 320510 324185 346093 350889 354594 360020 371597 373769 375282 378550 421306 429650 434810 438623 462748 466713 469222 469853 473580 483484 487752 508308 511924 523155 530796 532344 554476 554985 582290 605099 605319 619694 622498 630482 647112 656991 657827 668982 680455 706478 729641 731282 738412 754616 759837 771991 782750 812182 812276 819166 836859 842469 844416 846631 847355 850685 850735 857223 858455 866138 875230 882312 917824 921322 928551 943362 954232 972368 983171 993690 
