http://lottery.kapook.com/2559/2016-02-16.html
FIRST 356364
THREE_FIRST 699 312
THREE_LAST 309 535
TWO 98
NEAR_FIRST 356363 356365
SECOND 018534 195956 242689 451816 524505 
THIRD 078189 104621 112368 135387 379965 394733 408059 723691 764240 932890 
FOURTH 020793 038248 078465 086565 131926 189744 230465 232910 254529 264128 282504 282779 296183 301613 306050 321540 344320 348303 360883 379205 386168 418115 518533 522740 522915 534356 567768 591277 614108 633766 655952 671228 700717 717634 729875 748869 771284 775987 813260 814839 879791 881010 881691 910470 917602 936959 938070 957080 960277 997861 
FIFTH 000057 001973 005266 008944 009983 015002 021765 022018 031729 042016 084644 090186 100386 131649 133966 143534 169987 170473 178763 187366 191978 196031 202499 207667 209134 225131 225777 234858 243305 245097 267914 269218 270135 270548 283561 305350 323974 335565 336880 352903 362830 378095 385521 388387 388439 392811 395611 430580 434294 436341 444273 452392 455672 467633 474173 478435 502475 510244 520263 527189 528526 530751 544200 545600 560121 569255 592965 598044 610929 671035 679622 680960 686870 696785 706205 709743 712367 769889 772995 780873 808280 823077 850908 856548 875826 880278 880876 882660 886333 907350 910376 921913 929968 949804 952101 960070 984137 988426 989667 991737 
