http://lottery.kapook.com/2559/2016-03-01.html
FIRST 439686
THREE_FIRST 530 426
THREE_LAST 155 743
TWO 06
NEAR_FIRST 439685 439687
SECOND 163511 400587 758539 933385 946111 
THIRD 175081 283724 357923 531885 600800 613653 635449 678492 704953 922237 
FOURTH 014781 031173 050143 050885 073420 097768 125189 126784 183288 183447 209737 264290 273061 283454 311719 320236 352123 367958 399534 404736 410459 417601 462958 475223 491057 492245 527617 567514 597304 606450 620475 638785 686385 710162 715523 727891 761781 768767 798291 817947 846931 847390 858945 867644 894971 897741 925779 971837 977948 998215 
FIFTH 014584 023342 055336 056466 056935 076475 083025 083407 095204 101904 118869 133817 154557 165076 169418 172714 185281 189068 213043 216565 223219 235153 237061 246546 248532 254178 255304 258712 260729 265797 274405 289090 294723 299292 304248 311972 313892 347513 357681 389890 391204 414677 443916 455644 468555 470692 490355 515150 522178 525223 526325 559323 566714 591927 594257 600110 601020 601259 605520 606407 614083 627455 629358 631594 635611 653729 671635 693767 707502 712153 717057 734479 745694 747746 751884 764797 778053 801112 820039 833785 835282 855984 857192 857851 861841 866772 868026 881485 907475 910582 932446 932669 936203 950036 955733 956409 967869 971249 971775 988007 
