http://lottery.kapook.com/2559/2016-01-17.html
FIRST 304371
THREE_FIRST 031 532
THREE_LAST 786 743
TWO 50
NEAR_FIRST 304370 304372
SECOND 635517 719925 863250 898561 962172 
THIRD 101229 124345 185130 195045 302526 320976 650979 706067 747383 993241 
FOURTH 028558 095082 112794 117723 120255 126501 136372 150501 152293 187945 205631 217822 223805 238486 259133 286018 298330 313365 334606 338696 356514 357000 403545 405225 430738 492525 497301 507035 518441 542928 543544 579999 586163 593368 606197 637172 685737 734863 735749 758204 773831 780324 781308 795907 796255 822465 887713 910444 924725 945904 
FIFTH 001410 015229 025702 032428 039920 063057 073108 073924 086287 087905 108491 125111 126248 133201 146769 164688 174065 182305 193588 202830 227537 247926 248412 257702 309046 309453 320003 323445 325507 359359 383443 384290 413559 421067 438128 444767 446406 451305 457869 485617 489987 493681 497967 499563 500926 503198 517239 557136 569819 595300 600330 605871 615431 622532 622835 640420 658580 664989 666043 667827 667935 679588 684441 696479 705460 711757 711772 712199 713505 715453 720116 720676 726732 730238 752440 777850 785520 789755 805315 810336 840991 843574 848288 853220 880104 883237 896835 906654 912863 919646 926327 930026 953845 955097 956097 962931 974008 976609 990523 998358 
