http://lottery.kapook.com/2559/2016-06-01.html
FIRST 511825
THREE_FIRST 775 111
THREE_LAST 937 880
TWO 14
NEAR_FIRST 511824 511826
SECOND 041316 051696 174632 262383 301461 
THIRD 151368 192853 218010 381563 441994 593440 608530 958702 960236 991980 
FOURTH 005297 027175 034358 055970 100858 143532 151262 160471 175123 175672 183328 203467 207682 221131 285542 308705 309366 426987 428397 434884 457316 464915 477041 542542 558734 561361 580426 626565 674499 692634 692884 725352 727202 761363 795866 813010 835838 840597 883250 888874 891564 895659 927093 936443 967956 984090 986826 990225 994258 996299 
FIFTH 018823 030122 047376 049905 051129 051242 052418 054447 060979 061270 074535 085212 102785 128721 132159 137750 156993 157814 176311 184563 190371 200070 206781 209050 227324 265952 269239 286374 301301 308537 313865 318968 320576 324031 326875 327702 330428 330762 336489 352516 352942 359324 376900 386258 396408 405928 416971 434541 451863 455643 456747 474167 481372 505554 506582 507898 508844 526775 529673 535855 541518 571715 573928 599073 637094 654254 664963 705692 707115 707396 709349 734617 739412 767614 786639 788560 805061 811851 819033 829248 861423 862093 863966 867382 869522 878668 881503 890915 902456 908825 919589 924308 928572 958601 960148 962359 971836 983191 983528 999541 
