http://lottery.kapook.com/2559/2016-03-16.html
FIRST 134918
THREE_FIRST 877 855
THREE_LAST 973 004
TWO 32
NEAR_FIRST 134917 134919
SECOND 150798 266095 344211 774653 991187 
THIRD 039021 059499 081436 303263 429579 555741 663926 669881 717290 936228 
FOURTH 012231 023159 043625 049273 049856 063209 095263 097274 109098 114608 134498 150741 185012 241146 253283 268841 276997 300765 331443 332427 365317 381677 461620 471551 473373 489070 507590 527542 529358 547915 565735 575727 579158 601381 619951 643629 645053 690271 716112 720534 786138 828205 837802 845819 846012 921708 926293 933558 957154 983729 
FIFTH 043829 054355 055963 082128 091147 092626 095064 105061 109727 117005 118968 148909 153042 156176 164463 171009 178488 197879 197961 217356 220308 239591 254295 260221 281964 294026 297346 300003 303570 305429 328086 334714 342731 366643 398231 407739 411158 433665 454637 457347 461545 465401 466712 479409 485892 495919 496606 506098 510593 524221 542036 554459 557535 569068 582297 620330 629095 641407 642537 659510 679545 680842 682063 702017 702351 706897 710654 711593 713208 717731 736816 741195 742456 766326 774772 775057 776666 800033 809881 815844 831889 844678 844721 845388 851770 851839 868306 875585 894580 900409 901178 907615 925981 928344 933087 933175 947627 952458 959304 972824 
