http://news.sanook.com/lotto/check/16072559/
FIRST 449764
THREE_FIRST 734 552
THREE_LAST 925 158
TWO 55
NEAR_FIRST 449763 449765
SECOND 028114 064796 193012 396107 583322 
THIRD 113094 383091 421112 504646 542177 571789 593079 629656 755458 845015 
FOURTH 022365 078746 151927 192339 277993 523887 630831 714385 821426 924418 028885 125565 171277 199845 356702 526206 639495 727410 873096 936116 031449 128271 175685 225639 380980 555832 678899 762466 874192 944148 033237 137440 186569 238993 461254 607454 682270 788603 880483 959297 035109 149712 189418 257600 478628 625016 696993 816808 899385 974853 
FIFTH 002315 076477 159430 344472 422296 500332 570442 707685 784673 911637 005734 090101 200035 361661 427540 509667 579161 713605 802570 915179 022366 093314 206392 373630 429334 520166 608816 717817 814354 920281 039214 101929 212631 375021 430929 521518 610737 730007 820608 935772 041166 111574 244138 382063 435117 542909 617909 741928 821600 942660 046579 121498 255764 392546 435950 548476 621228 742337 852959 950645 061478 124934 330754 398993 443985 548824 624047 767558 862295 960818 066061 125753 331729 402217 445453 554135 660102 778052 879578 971411 071129 130294 342457 408550 487693 556335 692351 779165 903699 984780 072826 139382 343246 418789 487829 557438 706010 784373 905491 998493 
