http://lottery.kapook.com/2559/2016-08-16.html
FIRST 254004
THREE_FIRST 966 366
THREE_LAST 596 631
TWO 33
NEAR_FIRST 254003 254005
SECOND 148217 318902 832477 838656 912375 
THIRD 216995 295628 319940 350803 406175 506765 531726 583490 594652 883798 
FOURTH 054442 063901 068993 078780 086268 096967 103469 111416 134494 152338 241076 270526 278915 323950 357031 359022 362307 397576 413078 414891 423842 436867 470625 488187 539113 551361 556998 591077 595267 601459 602930 612885 623940 627669 661398 665315 677690 695619 742598 749759 770393 774843 810367 827901 830991 840974 899567 900487 923634 991262 
FIFTH 004385 009843 016276 021007 022558 024185 030711 035527 036241 056521 059011 065107 078087 078236 096977 098323 100498 102781 107118 107850 116032 121897 126761 127410 142789 159798 164174 166313 170119 174470 176428 178335 203634 208084 211297 227279 267671 278613 287822 309008 316617 339171 339561 339946 349206 372459 386712 388038 396740 401155 403297 403306 406919 414849 416741 427476 427562 428697 444492 450412 453224 487472 502138 502883 504280 520562 526858 539570 583340 590089 618900 623408 623590 623937 639225 641897 643196 666292 669694 675741 708384 718076 719347 745656 756413 765660 771642 772915 802968 824296 834633 836431 857461 870296 886079 908706 913890 921527 934993 971642 
