http://lottery.kapook.com/2559/2016-04-16.html
FIRST 221609
THREE_FIRST 228 008
THREE_LAST 507 523
TWO 87
NEAR_FIRST 221608 221610
SECOND 273392 399504 522824 525913 532412 
THIRD 008405 227654 316039 451750 461353 561762 571349 588645 639778 867284 
FOURTH 029853 030930 031982 045238 061422 066115 103182 111672 117709 138544 181377 184697 228660 239990 242378 254534 263316 266652 268646 280445 308239 324718 345527 346230 348451 373009 380460 380575 383503 391208 401563 431528 432519 486317 518079 524983 585691 600222 626828 636141 640547 655773 663555 694772 794419 818909 847058 890278 928266 971812 
FIFTH 017009 018263 019447 025606 032810 033302 048327 064599 085134 103701 120814 130509 143019 159188 161188 170589 188020 196476 222176 224211 236502 242778 266660 276566 286282 290263 296740 297166 298216 298662 300322 300672 333445 335216 335740 355744 366463 378023 392057 409830 415430 421506 432960 434094 470991 479783 480586 483991 487396 505119 506898 510709 526178 527062 539373 550987 568726 582132 589676 604044 606922 611833 612417 622035 623443 626668 627314 635693 642758 646757 673704 676731 680340 694501 695652 707937 739187 740820 779839 788753 790451 797257 807492 819420 821046 831078 836607 849065 850489 851057 876529 881686 918457 929430 930975 958570 963318 964703 976549 990463 
