http://lottery.kapook.com/2559/2016-11-01.html
FIRST 785438
THREE_FIRST 976 824
THREE_LAST 752 038
TWO 86
NEAR_FIRST 785437 785439
SECOND 247447 418289 582552 836111 880842 
THIRD 020841 246579 310374 319594 384358 602752 637083 773128 809958 964670 
FOURTH 011635 012292 069009 071142 074600 082791 111883 128561 131484 237011 241074 241343 252127 295764 302008 308591 311043 312792 365092 379879 381966 484381 501903 533263 542696 547697 550233 558245 564482 585658 595877 643739 663588 671549 703735 718505 718662 769535 771231 783775 819650 819859 828619 831643 836222 842026 880205 938988 991151 996666 
FIFTH 016220 043267 046318 054409 071271 086548 107245 135228 135228 135912 169638 186056 192960 209971 218613 243652 250746 257737 272360 274332 274581 279994 281936 291214 305351 313193 322282 322567 338956 340692 350315 362270 392433 402680 414452 416664 433183 435807 439513 450224 458336 465569 489377 495962 505111 517661 529569 530143 547697 548985 549360 549469 559735 564459 571335 610128 634199 635601 639214 645045 662992 673746 676388 676767 677900 682289 691863 692717 700752 700878 727490 735984 740200 740939 740992 762233 772971 835575 844158 853862 854794 867314 882494 883050 899739 916171 921490 922164 923053 934253 939018 945396 945704 945786 955048 966947 969297 972071 979487 997032 
