http://lottery.kapook.com/2559/2016-07-01.html
FIRST 082460
THREE_FIRST 169 609
THREE_LAST 302 173
TWO 53
NEAR_FIRST 082459 082461
SECOND 409355 417776 438104 623789 677926 
THIRD 008242 054156 298511 379326 523151 555331 608720 611944 925646 945503 
FOURTH 014071 028834 053631 078013 176282 196914 207593 218356 246179 263376 269579 274186 300809 308954 309514 364521 368894 421072 434405 434511 455079 463899 475060 484426 514668 527145 531994 584324 589944 593114 596401 601054 607943 661670 663975 665146 684392 694875 737640 749521 750390 755614 816244 828046 836910 865799 873276 921508 952546 995048 
FIFTH 034865 042693 043498 066516 069202 105883 109813 112321 114022 119337 122961 125276 140445 144527 168873 179635 193490 197608 219260 221998 230932 236746 239357 242833 248542 264321 275921 284696 286445 315309 319114 336161 345157 360346 376050 377498 383685 393597 400453 418856 419308 441458 449653 471214 482114 489990 498175 508401 509662 524557 526948 542487 558093 574017 575449 578310 585446 590345 598157 598953 601114 604352 612473 615223 646200 660071 664613 677586 682812 685848 706638 716674 722521 730572 749396 774788 775155 776952 783598 789553 794487 801536 803811 807912 811783 823665 833955 842567 854318 878577 905362 916101 935637 941200 943347 954028 968096 979339 988875 993577 
