http://lottery.kapook.com/2559/2016-08-01.html
FIRST 272932
THREE_FIRST 538 983
THREE_LAST 871 472
TWO 57
NEAR_FIRST 272931 272933
SECOND 182698 201415 370011 621751 836615 
THIRD 158310 323348 396313 480287 481702 608519 670029 690326 804653 885212 
FOURTH 023080 049468 055541 079404 095259 122613 130743 135064 144386 188799 194544 196974 208542 217647 224338 230927 246426 268325 316212 324364 366845 408085 443833 461527 474806 477834 494772 500731 520773 556436 565590 568522 570532 576419 595168 599277 686738 695575 716881 717731 732208 732917 751607 758213 760876 791625 791877 855574 970072 997372 
FIFTH 006050 006347 008218 022263 028133 047595 057003 072079 076156 097451 104903 105451 110569 114333 118176 122112 130978 139224 158092 159866 164102 168371 194256 215348 218679 219435 243247 251037 251757 261105 268984 288039 293287 299617 317490 323684 332079 332187 346982 351702 389386 390629 401440 402337 426450 426639 439357 443904 462546 482060 486054 494767 500664 501539 505754 521888 524875 527401 528576 538276 544671 545167 545442 548685 553423 556822 557681 569922 580679 589292 602950 610160 624421 638478 644413 645860 685976 709879 711091 733901 746117 752962 768971 798736 804002 816784 839334 855174 857200 874562 877657 880637 884950 908588 931903 960239 973050 984877 985855 990395 
