http://lottery.kapook.com/2559/2016-09-16.html
FIRST 240650
THREE_FIRST 583 493
THREE_LAST 160 043
TWO 42
NEAR_FIRST 240649 240651
SECOND 031023 121525 476092 579775 724016 
THIRD 175838 247802 315642 434176 554467 662996 697156 710131 734834 917751 
FOURTH 018663 023326 029258 056276 066510 142268 143577 194080 200650 200696 226402 261267 287673 313290 349223 357517 374302 382382 422228 431260 460619 461868 467783 474500 478204 492885 495519 498897 530266 536851 536869 567878 666464 680097 713564 719988 723381 726162 767203 769667 818799 843031 860715 865953 899872 912517 918529 936352 947755 978825 
FIFTH 003685 008732 022095 028176 037580 041562 059142 064591 072288 105499 105565 109771 177720 179475 201962 202732 209720 210538 210570 221230 233771 240948 244507 275428 278401 282264 294081 300305 313373 323509 323702 326834 341464 391364 392082 398678 400639 400899 417794 422957 442147 452594 462725 472914 478836 484231 495072 501815 507117 507159 516891 525710 530358 531827 537499 549859 550965 565531 585632 589267 620010 634099 636898 639443 651384 655516 658747 681033 682415 690702 690919 694738 694798 724216 725227 729494 742762 757245 788955 801069 811675 829102 830905 836500 847110 853493 874081 876886 882178 882648 886751 898139 901683 922967 923609 929673 934484 944389 984135 986936 
