http://lottery.kapook.com/2560/2017-04-16.html
FIRST 816729
THREE_FIRST 766 973
THREE_LAST 241 807
TWO 40
NEAR_FIRST 816728 816730
SECOND 034902 061512 105092 334230 367514 
THIRD 072551 150780 176907 195645 222300 577598 634739 836559 855288 982445 
FOURTH 014348 088302 107405 118186 118917 131438 269574 298813 313743 321054 337517 389109 400765 405547 421438 423379 471261 478474 486400 491498 506917 524120 526074 573195 574555 587367 601577 624889 625495 650103 659960 676991 679725 684600 768401 787269 799522 802187 802596 826744 844066 863318 923047 927174 927233 930586 939053 989116 991492 993346 
FIFTH 042100 046012 051158 051502 052452 062234 065067 066011 070541 074440 083830 094750 098077 101798 104463 105957 123040 132835 134665 137024 151152 202627 205465 211101 225030 226552 228024 243540 262485 275653 289552 295826 310082 321368 344546 353874 371535 405423 418263 422632 432361 448878 457093 467123 469096 509685 510314 534717 542418 567643 578483 579726 586512 596445 611976 622725 622849 636048 639215 657596 663415 665115 674971 676580 716825 720061 724352 740759 743190 743604 751679 758967 763417 766841 775329 786781 806224 811113 815588 817216 822004 824878 829351 830303 860456 875524 879701 887742 904703 910110 917741 935736 935811 949869 951580 963036 966680 978078 984360 993191 
