http://lottery.kapook.com/2560/2017-08-01.html
FIRST 756519
THREE_FIRST 061 386
THREE_LAST 787 989
TWO 36
NEAR_FIRST 756518 756520
SECOND 041938 042845 062174 173091 219884 
THIRD 007796 083769 267271 275503 395048 484725 569285 632363 878635 946999 
FOURTH 020121 039972 041809 057379 062733 069686 093823 131825 134990 137645 138420 163593 167502 179457 251024 325835 331560 344126 359454 382981 420988 459671 468365 491283 506953 516477 520884 551240 563783 571436 618387 661963 662429 673149 681124 682387 713643 752516 799366 837031 854714 892798 902349 929369 930813 935699 946172 959667 965006 988721 
FIFTH 007542 010147 054209 059828 061881 065139 082194 082779 089115 094111 109888 114932 149705 162885 163973 166751 169235 182409 185188 189725 204511 206021 210536 220342 275428 280009 287935 292585 317127 323603 328828 351045 355296 357270 370208 371905 404835 420506 421124 430714 438244 443565 445313 485463 507291 508349 509567 512441 536854 550918 557057 572490 576528 591519 601114 609875 610782 615146 617811 627599 629873 638123 642022 668434 668513 679839 685955 692935 698212 712284 712843 726550 730527 736364 743123 743496 747385 750766 753076 765988 785644 791628 795262 802362 807351 829636 833125 833531 833905 840855 850989 863341 878853 883974 898319 900336 903764 913713 924989 975039 
