http://lottery.kapook.com/2560/2017-05-16.html
FIRST 454891
THREE_FIRST 396 008
THREE_LAST 603 490
TWO 53
NEAR_FIRST 454890 454892
SECOND 014043 028075 352789 399990 556970 
THIRD 016710 048974 071382 346751 416989 617849 738897 838958 876920 898168 
FOURTH 009267 018622 028334 032000 067140 083412 085290 102944 127676 138951 168687 212675 236585 296232 313339 315807 322106 359029 370449 404962 412819 434990 503498 549683 553995 555104 559947 579539 583360 613479 638158 643765 645051 672946 684787 733941 756198 770436 806807 810454 818227 819284 837011 861100 875974 906871 914701 945780 963812 967686 
FIFTH 030903 054268 071997 087235 089414 089744 096092 100001 120242 137662 145612 164297 182104 186466 186574 203269 207533 210348 213106 215740 224701 226309 230756 237966 239358 247647 252187 266888 279377 309873 322942 338794 344269 357422 364085 373237 401173 422268 433112 434404 440666 460960 463535 468595 489529 491476 537553 537656 539327 554505 560887 561582 562344 577997 585124 590843 590895 593348 595661 597349 626252 632208 633362 644097 652511 684238 707770 718842 736835 755603 758119 761486 766786 767561 775450 776384 783881 788981 799460 809197 815982 820355 824295 832607 841030 845396 853823 855243 873937 896548 909501 935958 942014 946550 946651 948528 957679 959724 987781 991460 
