http://lottery.kapook.com/2560/2017-05-02.html
FIRST 008656
THREE_FIRST 949 573
THREE_LAST 773 923
TWO 35
NEAR_FIRST 008655 008657
SECOND 370525 395118 657205 713652 915073 
THIRD 084806 348209 428119 652360 691883 734913 828072 872140 976504 978058 
FOURTH 002402 009566 039516 040979 044431 094752 148943 186052 204569 205478 226805 228954 258264 348987 365344 367716 399027 441525 446648 456685 458857 474260 504814 533451 561919 577007 577947 590783 619747 643854 697837 712804 715361 752076 767133 781211 797932 808470 808719 811199 866179 874483 885363 887063 936038 939226 944849 957680 980393 984480 
FIFTH 019542 026798 042733 059442 061882 066652 079305 082089 104594 115759 127032 127196 132822 144468 147717 149780 166688 172735 192338 194186 201632 214855 216623 223470 224564 231824 234432 236792 251586 256015 270734 295940 301719 321390 332784 358529 359422 366208 370226 383439 384669 398540 408729 408955 411618 423679 423727 448415 459522 464416 490246 496500 503074 507234 518877 545623 554765 559527 568852 578617 580631 590119 595060 601032 607886 627292 657326 660861 671502 672867 683619 694454 706691 709668 715382 715514 730932 759388 770421 775081 779536 779932 793894 801180 811962 820498 830204 844561 851782 852732 853517 905196 911899 916492 916699 932131 959253 962243 965667 970698 
