http://lottery.kapook.com/2560/2017-04-01.html
FIRST 392785
THREE_FIRST 057 020
THREE_LAST 500 709
TWO 80
NEAR_FIRST 392784 392786
SECOND 023171 250471 337404 492573 931296 
THIRD 029559 082228 082428 178593 181267 218499 449379 861898 912742 985319 
FOURTH 049776 069465 070701 109404 154672 156154 161101 174727 187331 243883 270076 291502 298910 314291 315794 331292 384137 428196 445917 453711 456580 500740 508895 520226 531935 535567 546040 548498 565185 572058 585585 638921 660377 660396 687748 688040 705590 711912 716353 746234 748616 776385 822271 885763 907653 931518 932409 950713 952480 956376 
FIFTH 003776 007764 019075 019583 048074 051327 053635 056380 057503 058718 060524 062646 070031 073541 080639 101532 118945 119360 128079 137276 141600 144988 145099 146313 167974 204123 211027 214691 217828 224804 242491 252738 269694 273601 276618 283522 284378 287470 301612 320170 323229 325082 325625 336476 337706 350937 372136 386547 396571 401340 451710 455690 455899 482493 482502 485444 493638 513189 514166 518072 518868 520800 529080 554406 588313 593194 595131 600894 612209 629366 664243 669151 674313 695180 707707 727469 729090 741489 756100 789053 809005 810563 814613 817144 823760 825286 827632 842934 848066 856455 869403 901194 928704 938222 949035 958778 977463 977924 988772 988976 
