http://lottery.kapook.com/2560/2017-02-01.html
FIRST 054672
THREE_FIRST 066 807
THREE_LAST 426 628
TWO 42
NEAR_FIRST 054671 054673
SECOND 001024 099921 201426 261877 856652 
THIRD 049209 218194 242207 247481 350633 602819 604264 828244 830032 999774 
FOURTH 029840 041968 043067 050472 059884 065548 065946 069013 093084 093991 163668 173550 217102 237482 240720 247840 276406 298579 311222 332466 357481 433401 441568 445463 447517 450730 473310 473719 480458 504983 505216 510056 536604 546997 560428 598336 636369 646501 663555 689623 695046 789882 803054 816821 819580 830883 918055 927600 964029 975994 
FIFTH 003833 080353 086329 100676 101616 112430 128799 149924 158667 170736 174090 186209 192350 199909 217091 223182 229470 236669 250170 253852 259773 266432 266682 277460 307441 314674 325258 346185 357746 378906 402797 439666 441789 441972 464397 470323 471425 477261 479331 494066 498182 513796 520652 533674 538034 538162 550210 552789 556353 558309 563957 564141 564530 568371 572171 575166 580345 589546 591642 597540 600781 602466 652669 668195 676899 681104 688193 690106 717083 740357 751565 754069 776769 778497 787409 787700 794551 802268 821520 835278 845257 873545 890077 898450 904876 911233 912524 920856 933899 954610 958522 960891 964986 974501 974620 979018 992520 995175 996269 997731 
