http://news.sanook.com/lotto/check/30122560/
FIRST 911234
THREE_FIRST 495 373
THREE_LAST 953 504
TWO 98
NEAR_FIRST 911233 911235
SECOND 086171 514304 758601 856803 872227 
THIRD 010001 046314 118009 119676 124051 394820 785457 884944 889258 999853 
FOURTH 017728 058862 113199 141303 153397 155718 156524 171440 176009 201301 205580 229426 243035 261970 280255 318926 329926 333479 382571 424268 426466 434788 443394 447530 462934 467229 484993 583919 592800 598427 601965 619041 641979 662122 688078 697624 702858 750098 807403 830399 872978 881435 912745 916152 920367 924811 928243 932067 943983 961704 
FIFTH 032894 048896 067655 070841 072551 076266 116247 125255 130000 133298 136369 150611 167510 180229 180958 190544 207706 214305 215753 228278 247617 253246 257574 272644 273107 283852 287446 295794 301209 302592 319141 348094 360371 374131 411924 412925 415012 449752 454012 459777 468376 472667 477421 489304 492150 511914 512140 517245 520896 535860 542443 544909 563933 570029 572291 596198 614414 617970 638386 643180 647925 653836 663461 663587 674132 676077 684430 684839 690517 694216 701825 721167 721367 723836 727680 729884 730523 745063 760321 760803 772180 799194 819977 821080 823527 827941 841028 850297 853720 855061 859371 864622 868228 882232 901594 908899 937839 945083 949138 988216 
