http://lottery.kapook.com/2560/2017-11-01.html
FIRST 533726
THREE_FIRST 165 425
THREE_LAST 485 036
TWO 85
NEAR_FIRST 533725 533727
SECOND 207204 440879 497237 617980 951035 
THIRD 195866 221435 271632 331751 356817 578206 643292 824536 852509 965400 
FOURTH 001263 009858 070880 104008 124404 125838 129205 145388 156493 203055 216680 227663 240610 247967 268386 281155 302041 379756 383075 411755 428264 450928 469579 473765 501283 521350 540510 543337 556546 557169 570718 575848 607203 622114 696245 698919 712207 724415 738140 764510 773706 775833 788521 834022 873762 877149 889479 926624 931437 956856 
FIFTH 006555 007883 017809 019293 038276 044624 047020 051909 070407 095244 098597 106578 113286 122017 145821 150996 154176 187116 194007 203781 210554 229044 230161 235006 252163 260500 266801 269421 279935 298608 324029 329876 364734 372221 396723 399108 400566 401648 406118 410462 424320 429901 456938 463861 467003 485599 489312 512292 522529 525959 528172 528280 537719 542591 544322 548390 554191 568991 573434 574226 615441 617283 618915 640249 647038 670524 695390 698328 713448 730669 741700 765199 780694 798210 826783 830187 843336 845846 849567 855583 857793 867177 873490 878860 892015 899309 901466 911913 924447 928129 929052 932719 942028 945762 952213 954310 957227 966534 972987 975753 
