http://lottery.kapook.com/2560/2017-08-16.html
FIRST 715431
THREE_FIRST 115 302
THREE_LAST 253 945
TWO 37
NEAR_FIRST 715430 715432
SECOND 050755 160502 333699 780589 831514 
THIRD 052996 225617 250641 405059 449343 536750 595146 692474 726484 730077 
FOURTH 004485 022824 055909 077788 134941 150289 156238 171206 175538 185177 212628 221340 230363 239136 266094 283410 300187 341919 344030 351288 390517 432642 453205 543939 574494 599179 600815 608804 666395 701423 706379 729865 738435 773262 779529 787856 800093 803794 804463 805108 806567 817787 832863 834982 865922 872000 916450 932568 940765 998017 
FIFTH 005199 027485 031706 041922 047402 050640 074261 077895 084107 088088 153681 162776 215481 216619 219113 226572 227804 229390 232305 249779 252637 264422 276589 283333 289988 306448 329587 332900 353080 355276 357422 365052 365344 373700 380484 386971 394092 395287 399093 404049 405647 410869 414351 415073 416008 420039 428697 429215 443902 474669 492291 499170 507588 508266 509465 524382 537852 553298 561896 563600 566943 585959 590351 594712 595570 597312 616334 618547 622539 634070 636534 660122 691014 709020 711941 714663 743270 766356 767254 787316 792228 803617 803618 806724 823160 833795 834830 839419 856501 860626 873826 884166 884504 905625 909725 935058 937441 947786 956462 966447 
