http://lottery.kapook.com/2560/2017-03-16.html
FIRST 273863
THREE_FIRST 918 324
THREE_LAST 941 694
TWO 92
NEAR_FIRST 273862 273864
SECOND 245075 347668 373330 434977 944551 
THIRD 015381 077325 185541 425646 494763 554080 616578 684176 861003 954856 
FOURTH 010881 040133 112703 113324 126171 174975 215762 262457 267497 269782 277797 303210 347509 361777 371740 374970 391458 392133 426349 434127 466309 472422 473544 474592 509011 520501 545883 597466 600503 628384 630660 632418 634383 709399 736867 754423 785986 787998 788565 807336 869211 890483 909111 914541 925314 933557 939295 949154 993324 995901 
FIFTH 004402 010410 015825 017220 017380 026734 031282 070210 113656 116407 143215 146224 148528 151699 156112 157333 163031 164031 172474 172681 187480 199143 207014 220906 222507 226787 237465 251495 256084 256147 256180 267144 271825 284407 290865 297663 303645 308084 356845 358101 369432 387505 395977 410833 413805 420784 436394 448852 452284 480661 486902 490616 498049 501762 509288 510672 513204 525015 531531 531667 538480 545186 565256 618507 624988 659371 670807 684341 685965 697426 722764 736523 753658 756979 762085 774002 800631 801481 804211 818402 831799 833621 858040 865660 867911 875606 879946 887381 901826 903521 913723 913998 923385 940597 952089 969761 983048 984260 990707 995553 
