http://news.sanook.com/lotto/check/16122560/
FIRST 955596
THREE_FIRST 616 836
THREE_LAST 290 938
TWO 89
NEAR_FIRST 955595 955597
SECOND 176375 427257 536303 655903 900849 
THIRD 018285 235552 425831 432883 469455 612820 695859 765964 828161 896598 
FOURTH 025656 099019 206830 255779 314111 342548 396649 508622 748334 842344 026171 106241 212972 272844 314292 345277 396713 511429 781817 851193 031609 114362 218540 273411 318166 354956 401034 517131 804097 864720 031644 129595 226284 286943 327833 377763 408075 629193 809197 977518 038409 165676 251949 311142 328794 385782 507205 675122 831087 992128 
FIFTH 000080 081890 152972 244897 398541 476373 592143 704454 821365 910486 021581 082423 153659 271978 410655 491519 595629 706964 825306 918083 056261 089940 173506 281860 417891 492126 653905 720050 826557 918281 058623 098892 197154 286351 420512 494225 664508 721153 830865 929482 062352 101550 204946 289548 426367 501321 664901 765586 836897 929838 065158 115024 207927 291381 426449 506712 669804 804944 848205 935883 069655 134797 209308 292521 434746 511539 670923 809359 871865 944016 076643 135639 214468 335286 436100 517240 680967 809618 880521 949887 078315 146037 226938 343563 442709 532147 684607 814312 885530 962196 079035 147914 229310 348198 473504 548165 689483 814745 909607 987989 
