http://lottery.kapook.com/2560/2017-03-01.html
FIRST 978453
THREE_FIRST 560 450
THREE_LAST 577 052
TWO 78
NEAR_FIRST 978452 978454
SECOND 113335 136076 689306 822223 946618 
THIRD 004358 122732 150099 158848 297827 309517 320327 566068 737650 760482 
FOURTH 010530 021651 050293 090371 090964 093499 134423 144482 202947 290454 328193 329440 370902 398696 401271 406211 437246 440339 461525 474014 487502 511351 514943 528969 556581 569050 571130 588689 634907 645397 680148 695145 702888 713359 722155 757242 808317 808405 811374 823273 838019 862106 943844 961910 966275 972419 972841 974384 981232 981687 
FIFTH 006037 008680 013143 032502 035820 043214 082756 087971 089975 108544 117793 151922 158511 187219 189260 196503 197947 216678 226784 229461 230471 236910 239922 243064 256840 257022 260264 291695 295481 317072 322581 328942 350350 367717 372159 383350 401006 418805 420363 421965 425705 434726 437857 438254 441622 447496 453112 454142 464687 476848 480487 499283 502030 514120 516798 525864 537345 540231 548870 560166 571851 575800 581763 595551 596144 630020 635258 666212 672437 677603 677939 704020 710474 717130 717334 731190 739720 747572 752713 767667 781432 785889 788045 838256 838612 855353 861479 865965 870205 893788 905405 912932 915789 916230 916290 926544 938105 963500 972260 982153 
