http://lottery.kapook.com/2560/2017-02-16.html
FIRST 229116
THREE_FIRST 464 128
THREE_LAST 953 375
TWO 14
NEAR_FIRST 229115 229117
SECOND 180722 243550 354053 690334 706247 
THIRD 163153 314197 374238 557362 612553 723617 823475 845080 961307 980260 
FOURTH 007825 017114 028078 028608 109806 154834 195215 212985 250491 262883 300688 303793 307799 324540 341844 362273 385453 387343 428555 443387 445101 453512 460976 509370 521797 548462 553800 569273 590931 598302 614669 615102 634906 686705 686796 691103 724886 731617 767520 779413 794182 795404 808318 811385 816350 828148 847263 857114 945749 977788 
FIFTH 002923 006969 014066 014818 020438 022317 027724 041726 045611 046985 061729 068078 068093 075191 076359 082223 087567 092512 097381 104662 113058 114036 120969 138417 149037 154108 155686 172108 178563 194962 198606 227183 237560 254439 271060 286061 293350 294378 295827 303480 320657 328526 353392 370782 373374 390324 396677 405183 417095 425164 432864 461911 477305 494022 499162 517355 539608 540632 557127 557598 562088 562312 563392 567810 638639 650356 653277 654601 668602 671247 679416 683720 684590 688959 695242 699754 747773 761960 769959 775919 780701 781809 794262 807638 816354 822540 842014 863535 866728 876493 890107 897277 909358 937801 943983 963870 971153 974934 978601 987256 
