http://lottery.kapook.com/2560/2017-07-01.html
FIRST 112360
THREE_FIRST 226 489
THREE_LAST 688 005
TWO 26
NEAR_FIRST 112359 112361
SECOND 139531 150906 370407 560877 711250 
THIRD 100448 105853 166103 233511 433940 446690 551506 730453 752676 876750 
FOURTH 001747 054349 079709 085749 087524 089330 095907 174769 185658 202006 204864 209928 223072 255398 292896 307305 309289 345739 351272 355300 389301 390060 407832 442569 447184 452553 486912 520175 530263 617826 633843 638006 659013 696619 702856 707053 742359 744536 748806 757438 764975 766652 787747 807771 847061 849142 860977 938127 989233 989388 
FIFTH 013042 017371 019148 028294 029229 035361 055098 060508 066399 080013 088664 090007 093838 105736 110880 134925 159612 167484 188941 201824 201830 206488 213847 226363 229187 229234 232906 246649 266405 270252 278313 279638 288153 297141 309877 314205 316528 319920 327723 337070 349497 352209 364074 373376 389956 400849 417362 429766 437709 451175 455022 469555 470768 471130 472230 483363 498779 505668 520961 526053 562785 571513 579023 583809 587245 613137 623393 627014 637745 657983 661480 667930 690104 692698 703651 707027 713256 718495 735793 774819 780279 782044 789347 796912 827974 838906 845860 874745 876354 880556 881222 884432 886542 912517 917022 946022 952753 956895 978271 999744 
