http://news.sanook.com/lotto/check/01122561/
FIRST 021840
THREE_FIRST 045 307
THREE_LAST 561 988
TWO 67
NEAR_FIRST 021839 021841
SECOND 062948 127470 288347 548436 628614 
THIRD 270065 464017 473504 530912 575061 770249 952634 988694 989425 995541 
FOURTH 016086 116226 124870 129956 169205 182461 187910 189146 205144 207414 242734 256039 283334 301910 336526 352184 362582 382852 394749 394958 397740 401668 404330 407257 438263 473839 576342 585200 594545 603363 611618 633252 636183 637833 690892 709491 730042 731791 755978 792456 876942 883662 898711 947046 971620 987205 988277 992200 995247 995971 
FIFTH 013109 024421 026991 031643 050657 058926 069749 071412 076515 080316 092905 096928 111764 137488 210276 216370 218749 235889 244712 250170 255504 257666 262364 273440 305286 310466 334375 339161 345423 353899 360663 363981 364818 373331 381198 395963 421785 428210 437231 529822 546498 553767 555761 559922 560040 563302 588125 593122 594897 601621 618166 620234 623563 627915 629906 634940 641039 641321 667984 670679 674943 682070 690240 694936 709212 713159 714334 720766 765748 766906 770412 774771 783683 785299 797030 803837 804359 817707 840520 852313 852630 856027 856216 857880 869371 873773 875098 876651 917189 932242 934569 935834 936538 937265 944402 958246 971100 987737 988424 993708 
