http://news.sanook.com/lotto/check/16092561/
FIRST 149760
THREE_FIRST 323 539
THREE_LAST 155 297
TWO 79
NEAR_FIRST 149759 149761
SECOND 036225 273728 604412 803424 992599 
THIRD 097155 100133 135161 228065 295656 302512 577033 643211 773339 897925 
FOURTH 018394 094270 277193 350594 438990 491884 649305 757762 816942 937341 018893 101861 298178 371433 439980 530522 661496 771951 821529 941184 040714 130716 298608 384354 447440 552888 687161 798223 882711 947989 088248 203103 335404 399307 461833 607338 710575 798811 896225 951296 091358 229321 343420 429048 468862 615705 732292 815527 916259 972974 
FIFTH 024728 146228 247450 324576 429592 466200 636413 696632 793546 930291 068909 164303 271674 331885 442843 477145 638308 697381 794258 938536 079188 190626 280690 337549 444558 481469 643781 700795 820114 939384 080385 198607 298483 348912 446928 544619 645017 702991 821475 951318 089883 200030 308630 350269 447863 549839 648848 711296 839966 955489 102691 206713 312114 373075 451541 570555 651104 725255 849828 956947 125764 208603 314172 377360 454157 583496 651447 745659 864120 963916 129720 239170 318649 388305 459154 603877 662905 753586 868251 981770 135829 239340 320219 397209 459401 615753 675255 754451 872644 986841 140520 242208 323877 422445 464065 619306 676201 776038 877775 994359 
