http://news.sanook.com/lotto/check/16032561/
FIRST 218559
THREE_FIRST 720 064
THREE_LAST 205 489
TWO 82
NEAR_FIRST 218558 218560
SECOND 197966 452512 599382 525852 713887 
THIRD 275487 858618 954249 959641 058213 264692 047089 320270 542603 998667 
FOURTH 994214 726702 217580 059973 336176 263834 023687 420979 836402 066411 607793 965041 602218 852772 539621 228393 669767 133665 490412 691128 933590 506888 670891 959190 061273 801765 046879 914697 392325 385972 356569 752498 932920 905960 705023 533791 512015 668514 240414 486615 589223 971561 382494 252833 719319 971965 161193 122303 010284 284760 
FIFTH 944933 181040 758013 860336 003995 963151 524798 664219 094212 673485 406089 048236 220323 332866 106984 802980 842980 698057 184657 726760 603196 246602 635455 416077 375660 158910 255995 197316 700054 987982 963153 805470 191534 084533 147417 046175 253863 549910 539757 063084 326430 292954 209261 888783 402471 705726 343873 582041 436415 489226 537587 119200 944017 160483 063231 253830 361719 978383 983723 169960 461795 132184 979567 850618 793530 227768 488035 132463 292784 907240 866627 250174 423530 152020 678950 166838 558854 940177 771567 523076 473788 766904 461583 770729 697554 187148 627233 969425 952827 419750 601391 038248 373748 255937 379333 839474 913350 943362 594262 195727 
