http://news.sanook.com/lotto/check/16022561/
FIRST 309915
THREE_FIRST 007 388
THREE_LAST 230 748
TWO 39
NEAR_FIRST 309914 309916
SECOND 008653 172414 476523 897483 978335 
THIRD 073826 138750 214038 237810 446034 571080 692602 720737 769017 836929 
FOURTH 006546 008176 070802 080759 125617 145726 156460 169112 214678 233921 240891 254285 270953 272091 273402 300155 303965 305531 329795 331896 341578 359128 387780 390889 394149 443230 445970 454644 462474 506415 506481 511968 518292 528250 528848 575425 575621 579234 604811 687564 781332 846292 860946 887485 942760 951008 965251 973668 974053 995439 
FIFTH 008067 010239 017346 043161 046848 056317 059822 061762 064890 066156 097066 109571 124012 124575 129078 139113 154872 161522 164411 171324 171483 173928 175058 178178 180101 181156 185151 194284 200694 214140 227199 231901 265766 269728 276774 296607 301026 304520 305081 316789 333402 341583 364699 393484 402020 409530 410508 418779 421883 426796 432021 469348 470792 475398 480994 543875 550374 571281 572845 611619 616216 617222 620165 639766 641809 658512 663398 673396 686580 718655 727044 732405 740830 744276 758963 771767 772038 787628 818097 831228 845285 853277 856535 862485 877513 878100 885444 887186 920600 932911 934584 943071 962087 969370 969899 972082 972303 972301 994609 995916 
