http://news.sanook.com/lotto/check/16082561/
FIRST 586117
THREE_FIRST 670 340
THREE_LAST 815 591
TWO 10
NEAR_FIRST 586116 586118
SECOND 363633 879702 014603 880841 925785 
THIRD 181921 298069 856785 422807 733519 636004 446039 980945 930489 882683 
FOURTH 012895 114944 244230 351488 396742 480808 567397 616290 726947 914758 044063 151009 282352 355765 426513 492162 579109 686841 752647 928269 052227 155135 305446 369055 433049 520908 591031 688768 781058 931620 079464 222199 323352 379691 462518 542509 612164 697045 804268 959479 100086 228828 350128 381987 471021 556343 612255 701750 882676 969095 
FIFTH 010276 092123 194025 276974 340394 528128 646491 733961 793340 880009 010289 102523 200632 279932 344657 531864 675598 734318 802425 885253 027073 108480 200684 280736 378590 535921 678640 737286 816414 888919 030493 111492 223979 300115 384990 549063 687857 737322 816480 893085 038436 113156 235574 315285 419988 553499 693960 744156 831979 934176 058633 117839 237874 322283 444641 562901 697602 766030 855439 935279 063296 135911 247887 328631 446101 594718 698267 771773 859338 948180 071701 187078 249940 333253 478671 632032 705037 776312 863220 961394 076600 190449 260504 333307 489938 633357 709010 784413 865902 997411 080446 191778 260793 333638 519428 633368 726783 787834 872687 997772 
