http://news.sanook.com/lotto/check/01082561/
FIRST 386602
THREE_FIRST 832 903
THREE_LAST 549 726
TWO 78
NEAR_FIRST 386601 386603
SECOND 117390 214522 368625 923496 924776 
THIRD 027588 123422 306797 321307 454354 520096 545356 622345 687112 706530 
FOURTH 009331 070773 082634 101862 104244 108610 143516 159835 163622 179332 253124 323800 356068 359089 393120 408420 423449 451158 457270 461979 474544 545001 552276 556491 560951 564934 576701 592407 608880 610360 611036 694179 701415 724110 777287 786187 797696 802724 815892 816777 839907 852660 864424 877876 896107 910377 914261 937564 942276 981282 
FIFTH 006871 016875 022281 026887 027966 028927 034717 048137 051303 059045 060474 067425 110610 151105 158984 184357 191831 197742 213160 220623 224812 242324 250401 270030 275657 290451 297295 298973 317965 326475 347042 353472 383141 409607 412700 413909 424196 434641 439237 443107 448224 449245 467720 477732 480961 482355 486384 486633 494693 502313 502721 550022 550121 559039 562973 565209 581731 583184 584456 601201 605219 616375 618960 646825 649940 662556 668561 673811 675170 684704 684756 694792 702822 721551 723029 737858 745699 751886 765491 770305 771113 775149 790388 798745 808240 813396 813797 831894 871982 873636 894496 895961 902342 924840 927954 929623 942586 944625 952602 960646 
