http://news.sanook.com/lotto/check/16112561/
FIRST 989903
THREE_FIRST 471 930
THREE_LAST 140 876
TWO 16
NEAR_FIRST 989902 989904
SECOND 252090 446476 735286 757257 791223 
THIRD 222327 226811 231106 295203 330914 511236 545750 851309 938932 984511 
FOURTH 005511 075104 188409 329611 372685 520052 591944 804819 883644 956606 021695 102170 287321 340357 373520 534380 642692 813985 884593 960173 028167 125934 305721 345304 487311 545963 680063 817775 903939 972819 042387 146035 305805 350798 491886 563348 717411 828635 921067 975750 052883 146778 311118 360774 495895 582254 734303 855184 925918 982153 
FIFTH 000327 125639 222843 325699 376484 472953 531627 651208 799707 890919 024911 131174 224509 335825 377307 473491 548480 651649 803352 908683 028517 132410 247558 346835 378612 488518 584624 665108 815086 911224 036826 134479 249327 353104 392255 497698 586094 672229 820591 930881 042577 140933 252842 355804 412472 499305 589529 709405 823071 936898 044466 149077 258847 356060 416745 504650 608653 733803 825656 953207 084566 149508 293525 363902 419106 505896 624300 750637 869572 968258 090461 156352 295731 368124 429151 507669 634157 767071 873883 980256 115680 159260 307961 374464 435961 510194 640270 768872 874448 981516 117886 205183 320219 376267 444389 527134 644271 791004 881174 989603 
