http://news.sanook.com/lotto/check/16122561/
FIRST 356564
THREE_FIRST 480 948
THREE_LAST 297 369
TWO 62
NEAR_FIRST 356563 356565
SECOND 270111 017905 983262 141410 415185 
THIRD 809917 540966 254290 888381 774605 612154 806777 335573 321835 483718 
FOURTH 162514 927788 018312 324020 588477 482882 534974 278693 189761 486542 867905 903951 427423 886722 010626 489343 027645 005805 051850 383638 219660 779010 610523 709231 538421 677294 000813 700756 705193 534780 189379 231026 845743 096265 481480 051004 764887 749676 566167 761344 084107 071705 858434 829555 553453 034754 209250 065482 817071 940373 
FIFTH 997440 675518 468154 148169 981787 233729 896417 288604 569729 443925 777558 272209 648264 646338 696047 974996 729505 228501 245526 731911 561972 443980 851202 845037 935327 839814 491641 378180 900587 653249 649163 430554 786501 527701 665055 963157 226473 906189 961735 686674 755522 936585 298775 291800 963392 318668 148227 085059 894559 101720 736901 373472 524693 629536 094047 778013 844483 092098 446254 848948 169366 406476 861445 119901 457362 552398 191877 267201 946268 320180 294519 329880 197665 041227 015277 225603 475128 112100 559923 212181 539785 193843 608544 556503 036373 731479 996000 550030 046502 811832 870364 825621 279641 904073 966308 473557 354555 235035 404776 559371 
