http://news.sanook.com/lotto/check/16072561/
FIRST 596324
THREE_FIRST 403 530
THREE_LAST 138 362
TWO 27
NEAR_FIRST 596323 596325
SECOND 179445 624930 778978 803437 926273 
THIRD 022958 041875 052496 189416 262219 324787 371291 432988 723767 758674 
FOURTH 019565 167970 253683 329986 451663 561309 648611 697899 767276 846882 072315 174084 258381 376047 490802 563513 659852 707383 787377 879308 083286 182245 263328 401893 531096 612315 661738 720054 816467 881719 141973 220061 310200 418605 547260 627844 694143 731782 838979 963481 155017 251993 326083 439140 552091 639411 695723 738519 841119 999955 
FIFTH 004493 140136 250963 361671 493356 547094 636403 749801 877825 949689 011789 144426 257752 375250 506165 550502 642434 764786 878134 961022 038580 150503 263780 414961 507172 577960 645149 770414 880808 965529 042076 153606 265089 422368 511345 579943 667325 770775 881096 968860 052651 155713 291894 424995 514451 587193 670969 822914 886928 970953 063009 182156 303849 430251 514454 587340 689879 850126 887493 980934 073919 191443 321838 442433 516302 589138 719154 850529 901272 995178 083088 198400 330208 443426 523012 611810 724754 850776 914255 996011 107748 206577 334865 471196 523497 624909 727234 857942 929994 998513 111684 208456 351304 492271 546462 625242 740501 873543 933168 999363 
