http://news.sanook.com/lotto/check/16042561/
FIRST 739229
THREE_FIRST 273 654
THREE_LAST 076 526
TWO 60
NEAR_FIRST 739228 739230
SECOND 729318 255410 004343 752707 484069 
THIRD 629281 596118 484283 728582 504806 031824 093588 635275 775373 900658 
FOURTH 243002 346945 559309 911543 795858 979826 641803 623429 503792 079396 105888 681610 984556 858286 033644 275180 288010 818134 272530 612739 054683 855600 181129 827121 655259 330018 653732 236015 336590 375652 529582 765870 176714 618693 519273 053691 306952 665438 514189 917019 352462 624250 475398 659331 616173 400976 260685 388862 697169 476501 
FIFTH 138560 722788 285384 376286 912332 262522 792299 296444 130721 308616 199451 669905 700322 449801 820713 538285 083488 524817 955162 199175 738106 961613 421020 277461 086572 654364 004717 238094 528000 299719 912087 401866 826604 676994 829934 911829 895224 800756 790416 543929 757351 791987 972249 146765 771855 064942 792171 349760 999810 093959 874364 296545 643179 983932 638533 939485 010223 510007 423032 883593 086937 667308 400981 080965 624916 902984 099817 165061 131088 639401 757338 629214 652354 688349 084470 569008 819204 306035 002977 868640 417119 192754 144199 992853 427164 583104 242762 151087 006466 131846 313152 952445 726693 340700 293069 473417 881092 829547 798649 217504 
