http://news.sanook.com/lotto/check/30122561/
FIRST 735867
THREE_FIRST 031 913
THREE_LAST 701 884
TWO 02
NEAR_FIRST 735866 735868
SECOND 031880 466182 548097 838262 990824 
THIRD 049590 063523 237012 259642 348399 393875 505873 619013 790330 854304 
FOURTH 018432 025422 049808 056211 094398 121783 148104 148638 150056 189221 196152 219869 227554 237802 260728 268460 286869 288547 317267 320072 346821 379926 383854 388285 412794 412948 449958 461152 474792 489937 527656 537851 556221 594958 644732 646556 682687 731295 771266 840258 867152 897648 903266 943811 953370 961883 964917 978357 983361 995186 
FIFTH 015058 028293 028606 053976 057188 076979 086025 088404 114402 115726 123167 124132 144169 162592 164805 168795 169152 170811 179718 182023 190866 225839 227691 231646 231912 241934 251830 278673 279372 281526 284837 293893 294604 294670 304360 314093 321218 335344 392746 401511 426861 433739 437494 444284 444854 447606 449838 451979 455457 483172 491712 527546 555996 564587 565011 572138 579551 587670 599175 600249 609415 616992 617281 632558 636087 648256 661753 669104 672017 687652 697383 702306 702607 708124 720464 722030 744770 775333 779634 785705 795585 795779 807768 827729 831475 833686 839802 840137 845082 854427 855559 861761 872372 874608 880273 893374 913405 954538 961018 982520 
