http://news.sanook.com/lotto/check/02052561/
FIRST 248038
THREE_FIRST 980 527
THREE_LAST 225 602
TWO 85
NEAR_FIRST 248037 248039
SECOND 921737 185527 855399 841673 641391 
THIRD 528294 329279 097365 772027 848383 304210 552438 249340 001362 932701 
FOURTH 681187 194424 386716 083306 810242 313034 384343 466646 281278 836085 770271 416581 627020 598041 363615 248814 299877 723741 890055 882129 161824 900725 897211 862294 645153 453143 893967 486183 193155 511639 399186 534131 312294 949705 050134 057591 407877 042063 370042 911866 072753 222527 182874 957031 418170 256603 048956 953890 051888 269942 
FIFTH 183679 526983 176265 619848 593307 192371 864059 785769 600588 486360 377317 740187 372519 550067 128951 558162 126883 196002 807253 701289 061060 401883 268730 809105 463154 038617 443514 253161 373934 132415 463434 154023 912684 723554 555769 285086 532548 334239 547675 932251 671041 589168 819906 174491 997119 065931 779214 769400 944009 947240 940839 614853 278174 927990 711398 149627 893174 403568 904427 432693 076795 693830 243564 569806 891952 073020 791444 175856 516606 506383 812143 365434 333943 938440 785578 378049 527014 496219 823979 878432 119566 909822 007458 240082 780435 619118 168497 598200 800475 156333 973090 395494 299032 669236 003799 091184 835323 130964 407570 030846 
