http://news.sanook.com/lotto/check/02032561/
FIRST 759415
THREE_FIRST 318 870
THREE_LAST 723 589
TWO 29
NEAR_FIRST 759414 759416
SECOND 349580 968589 847817 741654 512224 
THIRD 863360 321385 601005 930214 193810 581582 425611 315630 051847 460143 
FOURTH 983573 498313 784313 544791 240111 693441 045867 990151 750865 102417 994306 398479 910272 076002 390835 371568 851159 430068 327692 296806 361494 864696 352995 015727 287832 593459 839204 126074 554295 185029 026981 103979 835924 443322 169125 303960 152334 210847 478639 070712 894536 716490 801754 785915 698784 954660 933947 621758 273514 779849 
FIFTH 625434 434244 512784 798339 903575 497518 068241 898484 200418 316252 143457 097708 228411 300371 346820 194019 976427 330559 303591 638841 342789 328938 395440 812475 824971 649458 434842 472058 746954 970069 835575 428060 937239 918245 529317 645336 746684 501558 024682 160420 790901 176100 985027 968658 945681 910988 638783 860866 809742 569966 625162 375417 806804 220381 352349 580596 710373 398210 842461 809022 967730 746951 526177 492351 891309 752628 612687 159934 075465 004981 900803 838127 480166 297330 991249 033463 413416 055924 085405 663095 269176 014457 586403 238839 708698 209754 077812 897474 094672 672259 062141 061679 633033 149945 295378 807790 489883 038047 467021 832527 
