http://news.sanook.com/lotto/check/01092561/
FIRST 734510
THREE_FIRST 512 464
THREE_LAST 202 097
TWO 26
NEAR_FIRST 734509 734511
SECOND 000678 365367 498951 654852 709720 
THIRD 044373 205766 424190 443433 499646 580404 636558 670563 809866 820931 
FOURTH 069409 087716 112917 127448 148179 158485 160532 230623 234617 255533 277656 291609 295034 319633 325367 357775 365898 392423 445353 449486 450564 472703 473623 477072 515374 520083 537513 583748 600759 645200 650347 655956 671357 672338 678039 682628 689524 711405 711432 720936 747105 761973 768920 823536 849436 875566 972161 927370 929152 986443 
FIFTH 027968 037029 039342 059451 061680 065993 074239 074255 077723 093352 099022 107905 114632 121175 134251 138240 159744 173757 176139 178388 180303 180976 196705 199226 199959 205991 221575 226964 229288 231031 236502 240354 241560 249422 268006 284493 294776 298865 308162 332916 365683 379112 400808 405914 409030 412373 446485 455357 467801 485548 525238 527169 536062 538824 541454 545260 550714 587517 600060 600468 606710 611654 622699 631934 639491 662074 675201 688611 703806 705542 711752 715261 716603 734724 739508 741512 750942 795624 802472 833538 853132 869017 875323 877043 884871 895574 900259 901025 903698 910781 924779 931498 943253 950801 951693 959046 974048 978640 987476 992069 
