http://news.sanook.com/lotto/check/16052561/
FIRST 075629
THREE_FIRST 357 130
THREE_LAST 506 047
TWO 20
NEAR_FIRST 075628 075630
SECOND 203990 230697 405298 522716 848061 
THIRD 007281 228983 258521 406294 491101 703747 733558 744144 764684 768131 
FOURTH 001115 026618 028551 028632 076740 085902 096366 106250 114031 135212 180719 205225 213791 225225 249720 256331 297679 306721 330685 348113 353739 386801 402467 410625 427514 469885 484094 500025 519079 568553 584169 628514 653036 667960 709924 772757 776321 783189 789800 808230 813660 836746 849108 855935 881331 885369 934541 945562 966872 992376 
FIFTH 011812 015899 022073 023183 033671 038980 054013 080817 084045 096683 107885 113075 115421 130113 130939 135154 144842 144982 154301 163246 163833 164318 168714 169298 174247 178737 186542 205578 220178 238317 245380 251608 259308 266637 270206 283228 293761 297340 306635 324208 331079 346985 352480 361253 362589 375309 380510 389974 401309 406069 426929 430781 458230 465158 475243 508043 510772 511431 524144 547312 562323 567870 575635 585436 589153 590408 591047 597618 605840 609104 610240 631225 638711 640672 649928 659669 661162 667891 676382 680102 697794 713051 719274 756595 778500 811706 836279 840575 844037 887323 893773 902162 918136 933854 947582 951949 966200 971215 974388 981062 
