http://news.sanook.com/lotto/check/16042562/
FIRST 570331
THREE_FIRST 512 930
THREE_LAST 966 968
TWO 23
NEAR_FIRST 570330 570332
SECOND 310772 573191 577692 629457 779270 
THIRD 003676 089337 158947 179488 284672 290952 393268 397769 576388 876211 
FOURTH 048603 161306 240533 339172 481383 606301 663636 717799 802136 915023 084624 178504 258216 374270 535478 622698 665596 725228 804162 917829 118408 216582 263469 385850 540192 631676 666644 733241 806070 936372 123010 223862 268514 440158 555229 639534 673921 776505 806336 944627 127789 237516 276288 446211 568384 642568 694176 780587 861567 992480 
FIFTH 020145 125434 201236 316026 424770 526329 656988 775866 841989 944885 022862 130557 205635 321148 425047 541235 664878 783300 843339 945253 032468 146147 231011 343082 428173 555348 687573 784946 846370 947615 042882 148038 252153 365411 429023 564935 688440 785794 863296 974976 053912 151090 252509 380105 432990 591274 716479 796980 889723 978882 057756 158800 291836 390312 463406 605526 725575 807003 891063 982308 068991 160017 299172 407894 479625 625749 728890 826279 899645 983737 092161 164077 300050 420375 497394 634144 744506 831934 908132 989436 105635 169570 306188 422438 499130 643612 747273 832838 934013 993224 113771 193674 313651 424092 515388 645991 753727 834551 939044 996459 
