http://news.sanook.com/lotto/check/01082562/
FIRST 387006
THREE_FIRST 135 983
THREE_LAST 562 795
TWO 58
NEAR_FIRST 387005 387007
SECOND 290368 413789 107841 638591 069992 
THIRD 232693 332589 084208 878228 979689 762698 127888 364946 078423 862894 
FOURTH 539931 922185 197616 834640 360038 161071 055568 710344 515719 308327 757633 526700 131039 531380 803175 653441 904475 124542 582391 832330 785518 800901 479249 626672 030325 201247 324061 930303 204199 565235 587584 097091 279251 845639 765986 129700 077710 476207 079345 530959 397385 446776 414259 845733 962222 137934 463803 040864 891549 921340 
FIFTH 733917 612465 436844 932057 237909 244746 380696 678256 899391 567021 990022 701947 513799 230995 527614 174485 861700 000874 025485 565076 753986 694664 550575 736338 354809 861356 473100 279753 884903 429565 525327 605697 913725 474324 136573 488736 543527 900920 688831 857662 822510 272205 930988 776434 297036 481952 304514 322139 920388 940696 275051 866026 000648 518496 421047 446034 856395 791661 274108 084925 548496 082847 723397 362451 021187 258407 526299 237993 303110 594564 372915 416564 768421 972301 869395 716930 953259 354809 303294 185267 037260 612883 125761 807009 540813 706098 724698 796095 823053 409658 042644 263755 347495 555481 400929 701337 330499 422661 828934 097958 
