http://news.sanook.com/lotto/check/16022562/
FIRST 074824
THREE_FIRST 881 910
THREE_LAST 612 879
TWO 56
NEAR_FIRST 074823 074825
SECOND 077816 100146 382946 780049 959518 
THIRD 189164 284080 369800 458132 478135 498627 511546 529682 892114 955182 
FOURTH 011101 108644 218919 279529 396246 472162 628669 676671 777727 903124 014153 131564 221686 285815 399004 546507 638459 731251 791180 909382 018001 157343 230708 336915 414405 554197 641457 748318 802019 917115 067857 190147 231735 368273 424574 567358 649049 769570 885226 920342 077854 205063 249852 393849 460236 595082 658949 776242 899742 962784 
FIFTH 014900 075568 165051 292546 382749 467711 599963 687186 801152 935635 018538 078469 167043 298223 416626 475116 603538 696459 830739 937113 023490 097394 216741 302273 420218 489973 603960 705651 831922 949015 044485 097757 225849 312673 420363 492673 624939 711302 866445 963428 048657 106286 233518 316575 436912 498184 632966 714072 872896 965518 052019 114120 249699 337203 437905 517938 637964 725395 874822 973588 062095 122404 252597 343431 440866 526330 661879 730700 891106 977146 070026 146096 270965 345355 458822 534445 675397 750636 923885 984239 073553 158473 275217 351270 459848 546357 678848 767290 931437 991103 074605 158580 285590 367572 464207 593086 683582 781961 931445 995795 
