http://news.sanook.com/lotto/check/16112562/
FIRST 017223
THREE_FIRST 164 640
THREE_LAST 085 194
TWO 32
NEAR_FIRST 017222 017224
SECOND 027192 778298 848878 589816 902680 
THIRD 327577 048948 689685 956379 207548 841062 909459 009089 159068 873903 
FOURTH 033318 269819 184889 513221 152439 017678 853215 107659 733648 526215 039524 488445 419208 672903 371992 144271 299303 832021 775134 582171 087890 546371 405511 446795 971684 376444 707409 976430 322113 090477 514345 627127 026563 769206 241253 412449 982979 649078 843567 662845 334178 121948 054826 059525 237258 092768 108679 391762 109693 820492 
FIFTH 590588 050706 496235 322646 651220 221880 764024 881441 486027 728453 347346 887601 813462 607336 702392 128495 282045 345306 831840 128744 706409 669314 111914 035408 421442 637181 087495 380919 652709 010435 776555 957172 819195 950753 496584 342615 349815 888842 116555 217809 309293 908474 062520 748323 488650 721808 550492 400470 808297 296035 338747 724759 349597 149073 938118 608890 075688 711841 248150 983251 576445 684620 899563 172439 060624 799145 371336 594379 429257 805883 039529 297879 084173 354379 455496 248544 616296 430160 768421 252711 620253 758445 386591 384828 541191 020184 010309 732690 569006 184837 519165 127646 699383 896719 590574 108761 459592 913889 420829 038662 
