http://news.sanook.com/lotto/check/16102562/
FIRST 812564
THREE_FIRST 255 625
THREE_LAST 598 132
TWO 15
NEAR_FIRST 812563 812565
SECOND 010810 389324 422672 685097 872569 
THIRD 184912 310103 400722 482422 498877 509278 588913 634449 792849 867144 
FOURTH 003022 013024 045286 051309 053345 155360 155681 160664 206603 230220 237547 240435 243236 245630 258018 266363 312560 326116 335992 370468 373702 391754 412815 414324 428083 436220 465005 483577 489817 531099 533579 550552 551285 589789 618124 782132 803175 804013 805436 848362 857672 858949 882975 895330 931816 955921 960192 967983 981985 987179 
FIFTH 003702 006716 025878 028206 030327 033043 039982 045891 050755 051952 081403 085651 085750 117010 133222 139259 151520 160304 163569 174513 195339 206838 259875 260202 260457 265407 266783 268578 279811 282553 298102 303098 306124 308411 308807 311589 322444 326315 333931 344616 344977 365823 371914 382825 398450 409550 431080 434722 454193 455269 455923 466330 475702 480010 484545 486629 513624 527190 533798 538038 543969 547116 549687 558215 566744 568800 575341 578409 585679 586306 633171 637184 668149 673646 682848 687586 708439 716818 717015 755445 760125 772419 778791 798582 831822 836234 844954 849736 855824 873219 881018 888691 890996 899923 904347 917535 931010 958682 969824 989669 
