http://news.sanook.com/lotto/check/16052562/
FIRST 962526
THREE_FIRST 669 949
THREE_LAST 018 828
TWO 71
NEAR_FIRST 962525 962527
SECOND 112913 288844 329695 848549 912485 
THIRD 079770 086257 218443 274126 556729 717905 757712 907699 909220 992300 
FOURTH 034050 133204 234589 334394 389618 480390 613741 696619 776057 935281 035759 156378 248621 350318 407389 486553 620769 716686 781431 937941 077449 156816 250364 356983 409477 506902 626273 720792 784002 945930 121327 203226 325302 369561 424886 534019 635466 721496 855892 965885 128454 206950 328471 373509 453220 561123 654132 745637 856991 968953 
FIFTH 005654 095594 174973 275465 422640 511535 597511 735685 828697 886003 008752 097453 180569 293453 427709 512765 598389 755806 835888 919090 015957 105914 208605 298217 442598 517302 661066 763154 838769 929419 024959 111844 210237 314048 453088 531423 668551 763472 846681 939467 025415 112476 219962 317965 456318 542460 705496 783998 856296 943472 042022 115346 225752 324675 467978 555405 718892 786837 860652 961363 045641 122442 231114 335705 475777 558207 720253 788150 866478 969322 053203 147139 238310 336897 489333 570822 725448 793867 867262 985066 069985 155527 250372 373621 499901 575071 727422 796642 876825 988481 071903 161648 256492 375494 506839 595879 732236 804591 877243 995234 
