http://news.sanook.com/lotto/check/02052562/
FIRST 061324
THREE_FIRST 043 476
THREE_LAST 374 699
TWO 25
NEAR_FIRST 061323 061325
SECOND 275266 546364 618474 731648 875090 
THIRD 067098 078151 219180 281336 308191 409474 417523 448369 597096 620716 
FOURTH 002573 064327 107024 169609 226313 347861 461721 628648 686259 836038 012374 073231 116751 171923 269667 390897 468758 644456 696183 852726 018238 076422 122388 182587 305866 395329 519089 673398 719278 943945 024744 091443 124263 190459 307799 405536 572910 677693 832700 962009 049779 097966 129473 217704 335481 449832 575937 685296 835731 978113 
FIFTH 008735 165459 229961 307487 377179 456681 525738 607474 744167 844211 010769 170848 236085 308949 378339 459581 527656 608338 773375 847859 036331 174776 246365 322493 395743 461044 529330 613982 776909 851582 049057 176811 256478 324322 419526 466914 547878 632599 778103 854954 072451 180510 263173 325494 420067 470225 556377 680175 781129 872225 085858 187297 283144 334225 420768 476503 582789 680210 800993 877225 109602 188287 287668 334412 439957 495048 583211 696405 802507 904519 148923 199283 293256 336664 443137 514010 587050 713519 822550 954384 151367 202119 293417 345610 453946 524629 595775 719195 824038 967932 152971 225753 295159 374597 455012 525003 607324 726869 827035 974809 
