http://news.sanook.com/lotto/check/16122562/
FIRST 529924
THREE_FIRST 043 138
THREE_LAST 555 665
TWO 97
NEAR_FIRST 529923 529925
SECOND 023945 270487 423855 440909 945659 
THIRD 132697 218711 290056 327673 460486 533651 624585 922510 925924 978094 
FOURTH 001677 108562 136904 310006 402648 518349 713212 792311 892301 930141 035371 111527 177014 334320 422219 632112 715596 796300 909363 934416 050805 125179 239998 379588 436428 642619 721470 803016 911866 958122 054402 126448 268590 399864 446814 668132 737474 814141 914769 981185 056775 134872 281462 402141 495824 692546 779206 887695 925378 986020 
FIFTH 004275 091801 145587 222871 361324 474547 608564 729729 833898 895590 009471 095378 147341 264024 362094 483409 625368 733423 834311 895678 014221 106942 153383 270874 382377 486484 632108 748153 836125 903804 018637 112470 155601 282771 402069 491854 633599 773325 842041 907636 049459 120830 156041 301116 408259 513353 644463 774469 846564 908004 062646 121014 166844 301705 414607 526900 652808 775391 847933 923180 063425 125972 170489 311063 415473 533874 663268 786664 851414 939507 064147 133557 202996 317074 434668 597634 669840 791129 854312 959293 067652 139046 217790 325226 457028 598084 675531 817852 857899 983020 089808 140547 222308 356785 472456 600377 704697 827362 886848 990529 
