http://news.sanook.com/lotto/check/15072562/
FIRST 369765
THREE_FIRST 901 355
THREE_LAST 556 113
TWO 88
NEAR_FIRST 369764 369766
SECOND 122977 126152 276318 305888 529495 
THIRD 070287 101821 152598 200512 231348 383011 538717 550263 732093 914661 
FOURTH 010895 025265 095246 103937 124905 141374 218644 219578 243826 250790 260864 275364 284464 313427 326350 353897 377402 382473 423187 457802 553160 555787 648610 652187 678517 687375 689867 713695 726021 725915 726576 726589 735232 750904 776586 779074 782882 792625 812785 827477 835825 841222 843259 867523 877124 889012 928831 954234 971735 995364 
FIFTH 003980 004699 006275 016669 024926 025381 050843 071409 076352 109524 128363 140410 144635 146533 153655 154818 162883 167813 176826 196628 200620 201204 210979 227315 244715 247672 257437 259834 266819 266959 270166 285490 290275 292099 294597 295255 297849 320948 342439 360164 366948 369174 380495 400567 415778 418232 428184 443635 450816 466565 475271 477620 486625 490416 498444 499073 499525 515956 518365 529774 544655 573113 581429 598143 617471 632626 641041 641584 658142 663199 696870 700547 726431 729962 741504 758029 770833 778574 789002 789886 804896 807341 809152 809467 814969 823843 839485 842578 843411 850595 856128 888043 900972 922883 933836 939592 941893 964926 969114 976605 
