http://news.sanook.com/lotto/check/01032562/
FIRST 345650
THREE_FIRST 137 999
THREE_LAST 830 837
TWO 65
NEAR_FIRST 345649 345651
SECOND 005635 066686 146602 432988 692107 
THIRD 012586 275705 330076 580277 704842 759856 794658 798873 827364 901763 
FOURTH 000843 016032 023763 054453 059716 090642 105830 108095 132263 143992 174635 175788 216153 223903 272940 282993 284421 329270 365141 405002 415241 417417 426290 464057 554844 586277 585359 589640 592433 664034 684929 689001 706405 718053 749848 767548 782939 802912 805217 818038 836854 859558 886991 896335 898642 916788 917551 972134 973904 985034 
FIFTH 015913 026145 029494 033088 052672 054304 067022 072461 076089 095170 103235 123957 129116 130206 139040 143777 146148 146976 159007 162202 169289 182576 183725 211592 217517 246281 246879 249818 254302 280819 285800 287769 288052 294038 297615 311825 309733 312905 326932 334854 335541 341283 364487 365345 380882 388137 395941 417944 439132 442041 449073 450216 451306 460842 466835 468829 474837 494503 494927 512976 513486 559060 571196 575610 576247 587406 619283 647683 661496 665286 666223 697825 705221 720986 747222 750386 754220 774745 813207 815773 825512 840559 844297 864500 870119 876347 884347 899382 910933 911358 921868 930924 931025 934639 957241 964315 965025 968298 972740 982455 
