http://news.sanook.com/lotto/check/01062562/
FIRST 516461
THREE_FIRST 589 713
THREE_LAST 215 560
TWO 46
NEAR_FIRST 516460 516462
SECOND 045167 313653 579938 691121 779015 
THIRD 023764 052007 204495 206237 239271 404858 447071 528138 684872 705286 
FOURTH 048080 107087 217943 250134 314180 418580 555173 681751 835246 926303 066028 174381 220804 260009 314943 433237 561517 702614 838948 933873 074788 186800 238075 302720 317401 482054 572626 759034 853643 956662 075819 205771 244768 308577 337005 485723 610333 777491 901585 964165 094575 217712 245303 313887 388538 492781 625986 787840 912233 973717 
FIFTH 010094 083622 235572 325757 427625 504382 562582 690950 774436 923594 017530 092921 240294 332513 445220 505203 588234 697499 792533 926274 020249 097949 254393 335773 450868 505965 592124 700389 793297 935182 024134 138515 266616 339016 457849 520417 603201 715885 824783 943306 034790 140873 267620 345450 462692 524199 618288 730200 854146 965495 045430 149988 275256 357088 481913 536947 627479 748108 868099 968520 060763 154653 294269 371012 482248 537907 634184 757481 877313 973603 064260 158131 296178 377422 484276 553637 647857 757639 880029 989459 068412 183355 314348 399253 492226 555874 649149 761763 907216 990507 081422 225200 316260 419769 492414 561976 655345 773525 907466 995009 
