http://news.sanook.com/lotto/check/01072562/
FIRST 943647
THREE_FIRST 239 864
THREE_LAST 006 375
TWO 86
NEAR_FIRST 943646 943648
SECOND 565390 253669 810086 106229 185424 
THIRD 869733 362759 148338 659123 749865 669011 799328 227382 202532 733242 
FOURTH 632287 463730 070039 350841 738893 725684 750534 053176 102978 878382 081961 785491 389068 933742 658569 914939 436469 562322 557974 153507 155747 489746 108204 440109 256551 766346 836246 953080 757124 752400 652375 936664 261668 557122 612859 331159 614613 487812 391952 938896 228190 908243 117265 621264 588960 327955 228339 381944 389936 447493 
FIFTH 669051 240537 147998 985042 340338 376844 426314 280053 086111 954837 814279 510860 164709 438330 106481 360609 620090 671709 910049 210270 196528 599648 186776 827945 129096 948728 945272 704896 213025 495634 793883 659838 642502 177338 878909 638804 556502 951088 486128 490152 339987 363904 137375 379667 500542 188476 406428 497935 645654 022410 915669 725591 857189 546838 988819 633702 934695 117685 924392 257453 219677 391014 364530 485702 597363 408587 745758 425188 323031 873618 160630 119723 317714 321352 431030 950436 344772 431296 615282 475435 708140 932294 750457 609770 772590 571746 881397 597455 755659 614757 521521 193235 541837 231091 673257 519560 866173 292002 574391 683912 
