http://news.sanook.com/lotto/check/16062562/
FIRST 174055
THREE_FIRST 625 884
THREE_LAST 127 800
TWO 29
NEAR_FIRST 174054 174056
SECOND 148954 255633 378246 470569 689035 
THIRD 150436 246499 271290 280553 350687 414799 512414 594400 601185 640268 
FOURTH 000535 152538 197479 300635 391948 494186 640923 755199 822552 941212 065665 153350 228455 306923 398076 509304 651870 756626 880729 954939 076779 153682 239653 337366 421356 527489 666647 776913 908942 960992 115251 154081 244071 339011 446475 594997 692750 781527 921552 994895 148965 195527 295720 378105 456557 601620 730697 815347 940042 999677 
FIFTH 031062 133440 268508 391523 457781 563645 639503 722644 789773 868629 032458 147220 296428 392270 466539 565358 644830 731187 809997 875823 034349 151934 304641 392283 478465 568929 646885 731693 814416 884666 039829 165083 339836 407013 486217 579806 683383 733687 828660 888557 072359 180128 357724 420982 487807 590159 684834 735280 834580 889803 090101 183685 366141 430999 493578 600547 694225 752267 837078 901355 091097 198752 367582 431464 509632 601020 694571 763274 844171 933989 091859 218740 372758 433072 534804 611883 697725 764914 849534 956850 103483 246032 375387 433455 545452 616803 703010 782820 858986 971987 122003 267098 376474 434855 547757 635983 713720 785455 863739 994970 
