http://news.sanook.com/lotto/check/01102562/
FIRST 691197
THREE_FIRST 392 920
THREE_LAST 606 797
TWO 59
NEAR_FIRST 691196 691198
SECOND 072716 154912 300478 524233 775606 
THIRD 114670 145780 175533 364255 419191 524324 544000 615040 865545 974267 
FOURTH 011306 087011 180363 237130 321399 478723 581877 704766 829154 864097 040211 107382 195668 263106 340864 511211 612004 707969 835168 923775 042754 141478 202086 292682 389716 527004 621911 774315 856480 964943 072307 144597 217832 307419 391784 538828 630951 787166 862967 986530 073640 167220 224625 312061 458490 540902 634163 821057 863068 997079 
FIFTH 019146 120898 254454 320080 434072 533189 616337 706704 778985 926671 021967 121007 258848 332538 452729 542696 621129 721764 789409 940143 030301 123222 269680 334619 462354 547011 630521 726944 807063 949766 038811 158194 270741 335611 467189 552306 631438 727899 809720 954623 050057 159118 279250 348366 468694 557184 644556 740457 817159 958492 056840 175621 287410 416255 478820 558423 663265 754118 822012 967147 057131 185637 289025 419080 481964 565664 682878 754139 823439 968593 065160 204926 292086 425197 505068 573068 683060 772831 850584 996129 070640 237427 296283 426284 519461 574372 690891 774824 880830 997513 079922 253511 305712 432090 520214 603185 703560 777693 899668 998663 
