http://news.sanook.com/lotto/check/30122562/
FIRST 510541
THREE_FIRST 116 382
THREE_LAST 140 250
TWO 81
NEAR_FIRST 510540 510542
SECOND 059567 350136 374507 624546 935603 
THIRD 144030 379125 501630 551057 551939 729960 815963 893572 904909 909289 
FOURTH 022940 092527 192990 360866 465581 643730 722958 814082 869911 921085 033032 159432 198706 396913 494688 672728 753604 829463 870962 923334 034930 165747 265032 403731 555494 693465 788768 831520 899616 928852 051650 186851 310288 419426 613805 702277 790441 842733 904873 939030 077124 191526 338406 454309 614048 711382 810072 850857 918910 939653 
FIFTH 026337 131152 191184 268372 413163 550338 611146 760860 882792 928786 027687 143377 195782 272906 424104 573431 635191 778355 883644 941891 034206 149575 205181 318154 438493 586180 652630 782072 889440 944854 039133 156404 211944 334468 440546 588557 684713 797250 899878 951542 084405 157862 213411 338864 443662 590400 709101 811104 903975 960850 093589 158908 213692 342078 446634 598770 714873 817730 910577 961140 094399 164114 220865 346943 451826 598987 723490 838064 915456 963610 099196 176155 226983 348426 476533 601373 752063 840130 923210 983931 122586 185649 234143 356279 486842 604139 755656 850376 926366 998879 126292 189488 254803 390032 492745 604933 757772 852300 928746 999316 
