http://news.sanook.com/lotto/check/01122562/
FIRST 453522
THREE_FIRST 617 261
THREE_LAST 457 013
TWO 81
NEAR_FIRST 453521 453523
SECOND 237087 378027 398640 505169 516117 
THIRD 038046 146155 180619 213700 285060 534143 768028 786648 935700 956356 
FOURTH 047104 132498 165016 235151 370052 467603 543754 720696 777490 847780 083164 139626 169748 236296 372745 477227 546858 722992 803765 886330 090402 141632 172600 281353 390118 511595 592742 744071 804509 902264 105127 146466 220671 295485 399317 519006 661535 752445 824001 993811 117575 153805 230584 314056 412023 528910 697396 753901 839608 997845 
FIFTH 004542 119685 215312 278211 412185 486214 579639 701359 803145 901642 011881 121843 216595 313355 412491 490960 580982 721296 805934 906201 020848 145892 228621 321467 415211 496703 614455 727633 828043 912377 043916 154298 229405 332078 426576 515299 621656 731318 846795 921333 058262 157048 239982 358071 439224 528746 626959 747103 852948 926032 078513 191956 240340 366687 445079 547255 638672 756616 855410 945500 079114 195122 241836 370066 445509 552815 640020 760273 863969 947414 086928 197405 242720 383400 447211 573463 666160 784309 868301 956464 087218 197832 267615 385052 450927 574880 668807 792177 874948 985091 108532 209587 274705 406146 455931 578497 685598 799017 885322 986555 
