http://news.sanook.com/lotto/check/16082562/
FIRST 775476
THREE_FIRST 149 912
THREE_LAST 563 580
TWO 89
NEAR_FIRST 775475 775477
SECOND 612953 622637 832339 842798 998783 
THIRD 075264 369605 381862 448926 565307 573781 578345 612143 776700 932528 
FOURTH 001074 015988 032846 040475 045088 061897 080768 088551 120392 191791 211474 240533 249743 256817 262597 296153 355646 388914 397295 411140 414618 435683 481865 491578 507898 519409 561554 572098 585312 587091 622746 625203 644213 657929 675874 695168 724456 764758 804113 806914 825945 828558 834073 840996 842568 866336 875287 890480 897151 948332 
FIFTH 002042 007289 011092 017818 023725 034994 059557 060014 069279 070966 113311 131838 151489 156350 166170 184892 187697 213166 230468 254389 256740 257228 260089 261345 266298 273728 276090 281637 291948 296710 312880 316681 323537 374835 376160 380522 380831 388436 400273 401924 417029 436190 455647 455796 457000 458155 460105 465208 472081 482102 489684 511639 515025 527621 530319 560182 577898 578773 607843 608209 625752 646616 663285 685511 690838 699840 702710 716028 721369 741441 744661 747375 751359 759183 769243 769579 776072 778396 781314 793105 793554 806530 816007 830060 839187 862859 874534 876431 877358 878506 901727 904896 928888 931065 940685 944586 946721 948643 954094 962360 
