http://news.sanook.com/lotto/check/01112562/
FIRST 967375
THREE_FIRST 323 806
THREE_LAST 021 206
TWO 79
NEAR_FIRST 967374 967376
SECOND 036499 128709 137339 334547 549203 
THIRD 262102 488298 541186 743402 828766 888178 941960 947887 971220 974841 
FOURTH 011620 122942 235529 329434 367333 497854 585282 732430 857962 896641 047311 159097 242927 344884 408921 518396 585510 742458 866309 903032 063058 175156 265990 348278 440403 552476 623411 782796 869178 916465 082463 193715 272628 357482 476496 575060 630315 800143 885927 947515 110509 210199 307598 367014 494364 578162 711333 827224 888141 992486 
FIFTH 003493 109006 206709 315948 400546 524489 638033 704190 822831 887736 013343 114053 217629 319875 401452 550691 648637 728819 826688 893522 014589 123082 217990 326719 403643 562111 659899 763716 836526 911845 023730 130055 230991 349705 405302 573675 663193 772810 842449 935166 024166 137576 246867 350317 413823 577149 670142 793473 843474 947971 044897 148292 246977 365035 440561 579178 675736 798629 848411 954917 071759 153149 257612 365107 446879 583527 678665 800434 869448 962277 087910 178016 258579 371867 466018 597123 683249 809822 871835 970411 092075 180325 281506 386331 486841 609517 692168 811825 882812 986728 103415 189677 309592 397796 502616 630347 693765 818361 887628 998242 
