http://news.sanook.com/lotto/check/17012562/
FIRST 197079
THREE_FIRST 206 412
THREE_LAST 127 660
TWO 65
NEAR_FIRST 197078 197080
SECOND 050524 199091 329036 374436 823248 
THIRD 105720 105929 322305 330052 426556 479139 532829 762573 830383 871171 
FOURTH 000955 108623 361491 473801 531365 569493 611926 724462 828093 894729 005060 132632 376790 481149 538597 576901 620003 770861 847995 908951 051864 142915 390823 496910 548624 584160 627516 805145 852124 927349 060930 230797 426864 525378 557183 585852 681678 806447 861815 933505 094383 346128 445923 527445 558070 611243 702430 816624 873709 965293 
FIFTH 002178 134148 232048 359818 447142 551392 626754 770865 839870 914422 018728 145123 236612 363357 455608 560410 641125 779945 840999 925530 019326 162889 238116 370376 461400 561261 647207 800266 843465 936475 033379 172067 240341 376682 484832 562333 654831 800759 852740 937668 037602 179065 266024 384508 495035 580385 680298 809713 865419 941823 043384 182842 271227 389309 517494 590757 685493 812630 867901 949072 068894 196463 273328 401721 521480 604058 686165 815585 881947 961440 070670 205993 273595 405505 523749 605002 716524 816379 884372 984465 094637 215020 310201 426707 526368 619741 728622 817953 894694 992762 117467 225806 327369 431804 546084 622030 744179 829662 906707 993653 
