http://news.sanook.com/lotto/check/01032563/
FIRST 875938
THREE_FIRST 294 328
THREE_LAST 597 780
TWO 98
NEAR_FIRST 875937 875939
SECOND 060416 493313 520618 534604 876474 
THIRD 014656 120115 134908 271109 283043 581228 601360 769895 836387 858575 
FOURTH 000813 048014 199628 276985 341799 396335 498308 609848 680507 893641 002570 071910 200851 280688 363887 447660 514660 620636 708247 910734 017470 160294 247875 289386 372579 448714 548207 625448 774454 919836 019458 173917 252311 339323 386874 464406 575900 630541 795450 927971 034412 199337 255468 339332 387773 489170 599838 663914 829031 967652 
FIFTH 000961 131280 232665 304384 415772 494285 626174 706002 780068 897528 001600 150008 241193 309809 421555 499027 637674 724249 786212 903782 007525 174915 257260 334532 422507 501961 644600 724413 796394 905414 007553 176663 260421 345883 432572 506216 661093 724461 804209 946307 031364 177039 262410 358459 437719 518077 677191 728355 811176 950424 047530 209240 270996 360023 447241 529233 684631 730678 811226 951165 065428 217515 273667 377351 458173 530694 691955 755995 826405 958110 066378 223417 281611 379753 468516 556222 693154 775526 845280 967462 084544 224267 291965 384127 474085 583201 697568 778587 858577 982805 122352 224346 296021 387033 478920 599316 704231 779454 872588 988137 
