http://news.sanook.com/lotto/check/16032563/
FIRST 503446
THREE_FIRST 258 726
THREE_LAST 404 661
TWO 77
NEAR_FIRST 503445 503447
SECOND 156175 577151 759179 763348 849691 
THIRD 198725 220592 355831 386486 514970 566251 593611 652021 783590 819863 
FOURTH 022167 112044 246572 283498 343691 495102 598294 639251 715327 780758 037738 115129 248007 285145 367226 524507 598800 658089 728536 869281 039461 128036 266770 304436 426472 534348 624863 671003 747571 913604 086281 166093 275382 318139 431327 538212 625017 673792 771818 951205 104374 166798 280990 339276 431336 554702 631419 693939 780189 968004 
FIFTH 001191 131034 220632 330201 396678 558715 654552 737115 859972 943286 013680 142652 223633 331978 403202 567110 657205 744337 860062 948812 062139 152316 227327 346723 475758 578016 661758 753839 862434 956849 079581 172707 229142 356679 483304 603590 674851 784296 875276 963731 087769 175457 272497 363954 501320 604845 676537 800075 878950 978085 088763 178623 291822 364895 514708 609248 712568 804442 885614 982062 091572 200135 298142 365431 522562 611494 732420 820584 894886 982185 099249 209477 321480 372444 527567 629639 736090 847791 914952 985559 120215 214132 324014 385359 548335 637055 736143 851788 940995 989474 129718 215238 326945 396583 555538 640745 737073 856786 943035 994561 
