http://news.sanook.com/lotto/check/01072563/
FIRST 347258
THREE_FIRST 095 362
THREE_LAST 094 307
TWO 83
NEAR_FIRST 347257 347259
SECOND 059367 165108 443218 521355 782552 
THIRD 030000 035010 167559 408333 458572 569662 699988 729594 758112 820265 
FOURTH 002292 097590 227181 298418 480425 533677 614836 740707 803109 917160 013896 155749 250779 348844 483708 556133 693052 760622 803425 929531 028192 156815 252903 384246 508286 559096 719163 771321 852775 955927 032989 211398 269214 422982 529518 585714 719742 785262 861960 972002 093986 216512 291320 460007 532157 612780 732954 798070 903896 999864 
FIFTH 013803 189223 271579 335319 434779 546253 627324 734274 817746 899116 034722 191863 271660 344070 442545 548132 637388 735233 822404 901775 043545 198926 282215 362377 444626 554808 638932 735505 840943 912451 063249 205077 288586 375045 458045 567979 652016 742323 841358 920600 078890 208137 291427 376236 461235 569746 693774 751435 841927 931393 108471 210731 294426 377456 478867 574807 694350 756815 843676 931873 175599 223090 303634 390155 479405 587135 713674 760405 844328 936329 177256 225502 305609 397164 492800 591210 715599 763959 880841 953377 177496 244383 323199 426971 494232 599603 720824 764620 887108 969794 180780 257605 333671 429262 524831 625824 729518 796240 891047 999435 
