http://news.sanook.com/lotto/check/01082563/
FIRST 569391
THREE_FIRST 575 931
THREE_LAST 578 809
TWO 92
NEAR_FIRST 569390 569392
SECOND 101633 512010 544525 769799 849581 
THIRD 030131 036873 085905 118907 136551 308143 403720 745312 777509 810800 
FOURTH 013724 121738 222641 326212 441717 529542 575463 632642 727773 859884 068906 131753 235282 347683 465487 539171 580533 646830 735597 900970 074056 147590 245303 361090 468271 546351 580695 666509 753376 911332 108799 164150 272070 375627 487015 549586 607269 672575 758924 938762 114014 199198 305677 400896 490883 559565 615672 676289 795629 998300 
FIFTH 007043 092327 212850 316584 417846 557890 657651 738295 795405 915515 007447 097352 240600 341087 436592 558794 659744 742085 820133 916646 009524 105262 245374 345326 446889 560148 666033 750051 823370 926690 018349 117378 246676 345398 469397 581082 677593 761146 826698 940968 034000 137144 251295 349206 475072 611091 682309 762370 829267 944726 034541 148616 257476 359439 487553 620638 688327 774072 834492 956433 048734 152100 265767 370410 528520 627733 705128 778238 842085 956717 052010 156483 270235 407861 533658 638907 715229 779278 866481 966174 076487 165771 270411 409896 534748 644261 730171 781934 872939 969639 080120 209949 284213 412226 536578 646860 735981 795326 888098 993456 
