http://news.sanook.com/lotto/check/16072563/
FIRST 873286
THREE_FIRST 510 533
THREE_LAST 682 494
TWO 53
NEAR_FIRST 873285 873287
SECOND 265514 906944 922280 948458 741212 
THIRD 792949 473357 173669 861354 073630 845538 143752 857511 898120 330820 
FOURTH 688668 574589 339760 338273 808191 778198 136263 492794 807283 747795 563511 968309 150854 850386 285630 445983 017054 962683 157171 420117 844588 969027 032076 838547 245243 196201 128737 718145 547460 308840 121206 215682 712001 237420 023228 323789 523339 587100 232905 922084 395079 192502 696000 494909 647447 735416 859111 421436 451992 188731 
FIFTH 191376 301317 195649 644384 081617 728316 723497 391960 597777 669787 617845 947047 791528 102041 833719 918766 729287 599997 959129 284261 356348 834121 101047 796581 446167 067942 951894 339353 163098 227476 253414 415365 647773 421731 195811 779082 549087 203914 629549 853475 503820 297238 207825 875442 114071 857608 603975 140146 534361 047885 199497 121752 502511 030541 730623 735531 696469 258607 109147 501713 124715 940881 826540 075476 548009 979075 686759 902329 664259 925437 239905 746200 125876 268075 395562 445235 918295 479087 146417 182905 567681 892010 871122 051348 652925 147174 080044 358500 407706 152753 961847 364544 120060 432914 781993 940837 296861 070609 470597 885427 
