http://news.sanook.com/lotto/check/01092563/
FIRST 999997
THREE_FIRST 636 725
THREE_LAST 342 957
TWO 98
NEAR_FIRST 999996 999998
SECOND 071298 283972 301191 622808 838934 
THIRD 183523 304732 310680 454913 669274 757539 777521 797960 810362 895221 
FOURTH 002450 097686 276722 402049 438545 561416 649025 709418 772364 913229 018290 127004 289691 413832 458841 570036 663185 711503 793413 968969 030905 137150 326684 424829 461400 577140 672470 733265 803247 973174 073991 183061 347168 426465 537470 599076 677566 739437 809233 974475 076387 196364 351142 430807 552713 616842 681247 767283 857663 979234 
FIFTH 012262 139307 223441 276859 372602 484596 586403 684231 753189 882488 020690 152827 227376 289058 374909 489369 593198 694401 754142 885180 030428 156959 234305 307149 399540 489409 612222 699576 789819 889127 040971 166343 240081 309910 410280 490439 638353 703650 802971 896324 065402 167251 249929 312042 419826 510005 644741 713240 807760 917195 072388 182939 255175 319716 429912 521963 652699 722617 811198 926810 074006 186822 259080 322843 443215 526611 653217 737270 813342 980062 098042 191807 265738 336526 450852 539855 655035 747777 832687 981731 108283 192290 265933 342550 454108 543366 662649 748200 858758 990055 109711 219712 275938 365836 469240 560014 674756 750140 865855 996911 
