http://news.sanook.com/lotto/check/17012563/
FIRST 491774
THREE_FIRST 004 132
THREE_LAST 379 595
TWO 68
NEAR_FIRST 491773 491775
SECOND 291854 315433 334941 346140 456371 
THIRD 011712 047068 092601 122112 149037 155665 295436 302930 563656 799564 
FOURTH 002742 134637 196368 268673 415896 538179 626803 708465 780290 829905 017180 153619 197576 274431 465539 540918 668641 726669 797014 917720 056481 154095 233643 286488 474648 554349 701069 730628 821778 942856 068332 176349 234791 345447 488868 610522 701635 761650 827179 960050 132055 185190 266663 399019 495411 611202 706966 777783 828129 985432 
FIFTH 004814 088760 210103 285089 375865 483980 613028 715897 809021 928591 050938 110281 211211 288942 393635 487218 629280 721789 816393 934080 054185 118240 220440 300746 412041 489673 630294 721998 834784 945158 064416 118250 243120 303524 430144 510532 642324 730986 837817 947056 071120 131382 247623 314830 450725 520013 644336 742231 846958 950667 071354 138899 247863 341333 456172 536334 657349 751217 881216 960318 076844 161452 247971 352266 457123 542659 660182 770871 884224 979755 079566 170112 248323 363365 470594 552793 679058 800763 896497 980518 082579 171039 259571 367545 477358 560798 681091 802858 921693 983825 085671 205870 261318 375248 481800 597029 711214 807272 924122 985462 
