http://news.sanook.com/lotto/check/16082563/
FIRST 945811
THREE_FIRST 712 614
THREE_LAST 364 733
TWO 88
NEAR_FIRST 945810 945812
SECOND 076190 290322 324730 414322 500896 
THIRD 025918 149654 155863 541281 583811 736329 858011 858319 885671 907940 
FOURTH 015778 131334 239792 310013 404882 535127 596587 663488 761771 868128 035497 160469 246267 333742 433172 558026 598032 711451 771126 899366 044718 177372 272706 340338 441252 562645 624676 720803 775298 913491 101174 184602 274205 395725 473638 579876 632181 721674 807459 959365 113934 236793 288310 403777 485455 582099 654755 742765 855038 990327 
FIFTH 003149 058454 191281 317316 425551 539482 614476 674005 806098 907885 010765 070010 216702 332013 432294 561719 614600 681920 807181 917252 011512 107959 226033 359186 437972 569476 624609 693497 807463 931896 020559 120631 234179 367913 451922 572127 631489 696103 811124 945427 021255 122490 256217 393954 478433 577061 635492 696963 839620 947046 029078 123430 271085 409898 491787 579434 641363 733157 864670 971461 035640 154949 284071 418390 493645 592396 643106 762202 867155 990361 045984 179207 307212 419770 519258 593814 648862 763746 882888 991399 046017 185640 311209 423336 522884 603681 650065 765361 894827 997440 049825 187744 313932 423681 536503 607580 654558 790465 900606 998489 
