http://news.sanook.com/lotto/check/16062563/
FIRST 516967
THREE_FIRST 876 882
THREE_LAST 565 625
TWO 64
NEAR_FIRST 516966 516968
SECOND 271010 292976 306962 717506 882952 
THIRD 134728 216930 328213 407422 436474 494318 542338 613509 795757 938138 
FOURTH 044879 165952 198985 340877 414022 495457 590007 646928 697891 829217 089303 167003 210111 365405 450702 496138 599709 651521 699827 830589 093636 177811 300674 387394 454034 563520 612343 652241 730551 972308 099713 194431 302968 391667 465818 577042 636127 660358 782344 975419 100730 198127 321637 397768 484468 579721 646865 677960 828884 975837 
FIFTH 004473 047005 151015 223835 307807 375930 495484 570862 739138 824181 010840 052257 163960 224360 308071 388199 500316 606607 743365 840207 011067 066868 166762 244169 318555 390080 500610 619135 745152 854682 022205 067273 189834 244417 321743 391178 510733 623187 749040 860342 025477 089979 192458 248097 335311 403761 511828 625767 772461 874433 033740 090551 197191 268541 335831 413752 511848 644394 777068 880309 034887 118481 199623 271246 345614 454301 537065 657924 794620 912810 035852 118650 200485 282179 346174 455094 547083 661848 803455 968674 040718 121528 217071 300393 359228 462235 550447 682496 812686 976244 041263 128048 219287 300993 368029 470109 555090 726040 822111 993588 
