http://news.sanook.com/lotto/check/16102563/
FIRST 286051
THREE_FIRST 189 464
THREE_LAST 980 045
TWO 38
NEAR_FIRST 286050 286052
SECOND 259926 712507 741540 977157 896056 
THIRD 750476 226753 842155 843375 684127 475108 065804 578332 258855 218926 
FOURTH 753355 085987 249247 297222 301991 985256 376522 303646 325114 578900 994913 733441 054178 130295 894986 811859 502748 254830 212536 150099 064412 186289 070326 890852 468224 031241 024613 417590 672504 039837 476093 289286 678394 506716 737739 148136 711206 151228 948129 940279 016331 194762 416487 666600 165004 311046 284957 925868 292241 710540 
FIFTH 010370 014402 018347 038331 038386 041679 047431 069252 071492 087455 101039 103073 109089 120660 128944 150803 198825 202229 239531 256310 256466 259169 279863 288533 292784 313074 314400 322701 339364 342656 347116 350111 352332 361793 376566 388750 392808 393420 397897 416271 418217 420882 426844 432962 434822 436249 458698 461567 469726 486128 491203 499698 503931 504910 540142 544606 550792 570269 596050 596816 599590 600056 604112 617248 618868 637199 643322 643803 663737 685065 690415 706277 730783 751304 753181 760748 762090 765071 776122 786287 788015 790922 801270 809139 810770 815475 817507 829497 843460 854415 896515 899664 903996 914956 919055 936294 938735 948679 970259 977644 
