http://news.sanook.com/lotto/check/01062563/
FIRST 831567
THREE_FIRST 264 489
THREE_LAST 562 582
TWO 24
NEAR_FIRST 831566 831568
SECOND 275286 318041 506560 625456 796102 
THIRD 234855 251188 257496 457553 515788 606161 666644 711491 956876 973272 
FOURTH 003998 166269 250426 328562 483291 574976 699235 782104 878778 926647 046725 176234 251302 347276 485711 585760 706199 789075 879048 937726 098161 189879 267570 368890 521278 614603 710931 804670 919749 944345 149355 196496 285356 386861 557230 657620 723159 832287 923296 970653 158137 223584 319164 403827 565584 668117 723719 872948 923302 991820 
FIFTH 003654 094948 233969 305201 406709 511476 593709 655383 761501 865017 012975 115035 236080 305738 418370 519895 594156 674353 765883 867018 020415 126707 243521 310352 430566 520814 606863 690828 767680 867170 025384 139165 263572 332763 441444 530696 609691 696513 792387 874702 033012 139706 269384 337561 443809 538133 624401 710805 793189 908424 040913 144962 283285 342306 463458 542810 630651 734351 793386 910547 057532 153273 289645 358548 471188 553286 640037 742617 798818 944061 072058 162272 294595 359996 472624 557862 643935 747196 828860 952461 084427 212276 298975 372955 493995 565488 648478 749001 833960 969263 090397 213453 300540 384509 508421 573604 652114 752532 855363 977886 
