http://news.sanook.com/lotto/check/16082564/
FIRST 046750
THREE_FIRST 421 666
THREE_LAST 160 355
TWO 23
NEAR_FIRST 046751 046749
SECOND 222907 607877 688916 774867 903009 
THIRD 008080 186274 229231 240427 294023 355578 374932 686663 930251 997687 
FOURTH 041893 077613 085636 096694 103255 103567 155863 156915 164905 173832 193778 204635 205425 220374 221820 255495 267524 275368 292566 301331 305251 363435 379150 434874 446288 468782 520247 533294 546756 577020 624254 628233 639769 653259 679102 708283 728843 779482 786656 823503 834195 840885 848624 895880 898526 943262 945374 958776 961997 974570 
FIFTH 021046 042810 045419 056090 065523 070270 070305 099995 103150 110203 116464 123438 139093 150318 154112 174677 176415 186023 186436 210281 239563 241724 241838 246830 246909 258397 261783 266870 279989 282514 285807 285813 297537 297829 301072 360226 380348 393651 407078 417584 419552 426535 434932 438662 468424 468644 477988 478311 512565 530432 559042 567328 575988 576226 581026 602755 618526 625806 637188 665363 686074 689732 692037 699479 709312 716963 726005 735486 760091 762685 763536 770482 781490 785352 801115 807323 808138 831155 833140 860394 868697 879612 884533 891965 897704 914827 915513 919557 932238 937457 941888 945343 948694 954839 955252 956617 956814 965653 966850 996755 
