http://news.sanook.com/lotto/check/01072564/
FIRST 713517
THREE_FIRST 794 073
THREE_LAST 511 414
TWO 29
NEAR_FIRST 713516 713518
SECOND 776514 481761 577000 398790 907506 
THIRD 653703 781948 449252 463647 112633 515140 628602 512824 594963 370953 
FOURTH 142611 449585 628663 717202 973694 664498 733558 593873 498990 732758 871053 888415 929611 452963 313543 251695 129551 137545 781270 123473 210018 024833 341533 729892 893891 017608 936260 794728 072071 710137 232868 458012 145132 160589 833388 095053 633700 091198 937647 192736 277069 651097 458468 421711 675268 510525 149972 964413 428306 835333 
FIFTH 804640 788202 070352 839040 427876 739848 490123 427262 175085 885556 948875 556247 596965 681447 191837 018375 475383 970836 866756 797524 183697 410982 929043 924142 202367 569234 721872 596411 571668 155716 575540 477461 534021 490408 537644 765351 307174 993368 828784 637704 184935 100814 867035 696504 187949 447246 724538 429252 746751 460573 605880 000629 430320 257811 836782 131257 776210 125711 619755 157593 873452 413137 270199 074427 114350 372970 263811 517459 584321 475726 581453 388645 518497 622217 486927 916491 804975 664454 697769 601834 260992 156629 202932 908626 063070 634807 625879 124908 993960 763571 014157 408396 667280 612523 785886 011092 201011 160527 147125 515994 
