http://news.sanook.com/lotto/check/30122564/
FIRST 819068
THREE_FIRST 591 979
THREE_LAST 419 547
TWO 36
NEAR_FIRST 819067 819069
SECOND 357005 418296 607012 867865 959790 
THIRD 092409 138033 160702 191551 469065 707019 717892 777805 778106 831176 
FOURTH 008114 114314 173329 288722 352799 440360 574048 698896 786155 956172 031352 117470 176341 310806 356979 501062 577997 712546 811808 958107 040781 118117 231971 317631 384157 525593 595777 737043 819260 984568 069230 119166 247563 317938 403158 537836 653633 757343 831205 988171 086093 171410 253384 350536 431707 572028 678823 785061 892983 990220 
FIFTH 012475 088447 158370 286458 392300 484390 606468 659603 792568 852701 023979 090627 190920 303517 394269 509436 616335 684353 793236 881313 026886 107997 198093 315672 396160 524475 616372 685045 820830 909013 035521 118338 211498 323607 399046 544938 626610 703312 821231 934456 038280 119223 220134 325536 407670 548606 629698 703396 821524 943006 054692 135732 222860 326578 411145 562374 631473 737187 832512 967096 058814 137660 228344 340158 433878 564477 642357 739110 833054 983972 076923 139931 249421 353203 436054 567323 642459 746712 838472 993066 081551 144636 251057 356520 448872 580943 649740 747022 840652 993646 087799 152472 284373 383922 471661 584926 650130 770416 847596 997123 
