http://news.sanook.com/lotto/check/01122564/
FIRST 077258
THREE_FIRST 739 740
THREE_LAST 401 485
TWO 82
NEAR_FIRST 077257 077259
SECOND 082736 303780 425815 813107 953223 
THIRD 062798 071808 137779 141265 205386 236522 344379 376897 678273 889372 
FOURTH 004969 126096 183684 267661 424100 549070 661675 807187 844778 933186 049201 138203 221359 343651 462939 595084 676765 819551 846552 954486 071318 149268 235426 383667 499894 607591 689815 822365 872200 959502 087044 179517 239271 398158 512115 610231 746831 831441 904216 962421 117488 181287 241706 406890 524517 611485 751933 838473 906309 981544 
FIFTH 002645 098401 181425 255713 377914 517755 571790 662364 829641 909583 009279 117090 185397 281959 391193 528568 586755 668596 830365 920033 013358 128859 198321 286897 400024 539926 594323 682249 841669 921332 022867 150857 209742 301010 404129 541367 612528 684331 855212 935364 027867 150884 211232 303443 420034 541964 613164 699170 887997 952217 048630 157423 212569 311928 449276 552949 614441 710561 891331 981604 048902 159736 230557 312569 468767 557731 630890 712440 893452 988451 066625 166142 233560 325100 486230 558121 632846 714337 906950 988878 070570 176069 235288 349878 489085 558969 644887 736353 907056 991050 087638 178842 255128 359349 504459 566060 657807 782849 908632 992960 
