http://news.sanook.com/lotto/check/01032564/
FIRST 835538
THREE_FIRST 290 838
THREE_LAST 051 806
TWO 73
NEAR_FIRST 835537 835539
SECOND 316827 731177 743731 788652 923096 
THIRD 045942 183440 323456 389816 488050 575910 648700 727081 735004 756048 
FOURTH 942297 529147 469811 679528 000395 712017 484349 970326 099988 826174 649606 552557 082383 806822 488358 871042 817353 054700 669007 438714 516745 104432 825800 588420 542620 105610 759204 904906 343900 487907 150558 894512 314364 948990 760427 374636 531335 834237 494884 814393 410900 126701 301404 183517 058820 906356 053547 612105 258747 221238 
FIFTH 447352 420290 126787 487174 833272 920655 725220 451531 062159 503807 659994 786150 965980 235835 714435 059483 087961 428967 592883 972057 871384 178105 569672 286430 266454 859409 034880 658306 634564 620887 247139 363704 269758 599785 967082 594112 230229 157894 062367 608173 630977 554067 696587 265712 632354 388545 440432 315602 219092 878396 347243 048328 518936 575733 851901 220231 107394 502163 995544 236576 722631 970568 947099 826669 443427 128714 760021 416735 292510 011894 162093 254863 243489 766708 359595 434822 155204 448314 167405 983919 956845 204005 250370 971163 960889 463805 267220 545552 761211 750364 874069 839699 200737 922360 638269 504039 296474 489524 003741 389274 
