http://news.sanook.com/lotto/check/30122565/
FIRST 157196
THREE_FIRST 007 522
THREE_LAST 250 425
TWO 58
NEAR_FIRST 157195 157197
SECOND 271678 288465 444103 485325 725586 
THIRD 234765 355904 373542 374892 432758 585874 708082 732867 870035 890677 
FOURTH 012967 061991 092710 202309 371943 456884 596179 777952 832061 942187 022381 070725 125587 274416 376855 475991 642680 814379 847657 947476 028215 072181 147260 309704 391570 480958 668658 819518 854854 976090 034471 073425 160784 339008 393084 511200 709050 827556 887429 983572 054213 086703 174761 368078 408084 552069 721824 829573 932063 984086 
FIFTH 002466 115749 197926 304458 408005 488169 570114 658107 779939 884038 006597 126444 198692 328861 418540 497357 582293 695183 791644 886737 010660 132149 198950 329764 421833 504713 597288 697876 794151 919337 013451 134204 202204 343117 422760 505262 606427 706513 813643 923961 027561 134323 212488 345701 437660 516191 611680 711572 830478 937388 031169 136888 216734 354446 442922 549157 614595 715000 835023 948630 038558 147966 218853 359088 449280 559055 615540 742490 837564 955809 090199 175533 248699 367591 467589 561800 620521 767597 862046 958883 102343 181417 259069 379342 470228 563534 622406 769376 879904 968983 113554 181597 300855 380192 470712 564618 629502 771480 881853 987040 
