http://news.sanook.com/lotto/check/16092565/
FIRST 943703
THREE_FIRST 971 540
THREE_LAST 631 432
TWO 75
NEAR_FIRST 943702 943704
SECOND 662155 840903 524402 831445 599739 
THIRD 864894 025784 786358 345850 910914 633734 073845 786424 284562 653688 
FOURTH 051892 884470 353842 461196 771504 616944 723194 287698 413152 412343 756801 003562 916293 946334 335309 812438 412786 837242 590429 368641 901603 621876 578124 966029 914828 005556 594812 173372 210333 674166 367943 202087 106028 605126 091224 766812 418886 162000 448406 493166 642401 637175 783205 926060 799119 313896 538015 548470 037200 548364 
FIFTH 031333 405484 590195 701408 509413 774403 263486 170236 965788 543830 986413 754091 756379 116446 535720 491223 714356 406324 827990 293650 498022 485235 498198 856929 425898 024708 827494 399896 253280 988303 363747 085412 719529 758133 378239 222281 419214 443537 739052 304044 654387 030934 211779 620751 327827 143595 819070 203922 765335 636481 549871 164502 563399 976907 041062 884616 180341 141701 238081 777255 945935 393838 132074 923627 565277 172300 059454 011135 020417 278874 639292 094757 512532 924271 652622 036208 984674 435058 951089 853866 030773 181601 528060 239720 116979 412353 789095 952516 484809 615219 245112 543218 186904 909016 171379 943033 890468 524525 778697 349649 
