http://news.sanook.com/lotto/check/01072565/
FIRST 981417
THREE_FIRST 287 242
THREE_LAST 002 542
TWO 61
NEAR_FIRST 981416 981418
SECOND 953174 196793 587134 201415 592830 
THIRD 777700 624057 332670 008704 985514 354561 346509 701139 638824 860770 
FOURTH 867974 395006 803203 116559 825525 171591 963290 795664 855217 731205 252857 905860 478821 012535 548865 794810 464099 246140 949846 410184 013517 708562 628271 152661 339148 002701 007539 491727 350616 611906 726094 931713 327473 888563 886960 120820 748250 416569 481946 636432 956707 602393 060636 559608 777676 244470 283860 868907 552378 840523 
FIFTH 912063 142145 747563 360338 884582 527466 098876 171253 168907 543477 160865 280734 486681 098495 627407 188226 848784 375625 422488 192477 473396 003072 304576 863042 207379 768400 997060 738293 567804 722926 398073 328893 002433 844248 132324 766895 723926 714614 312844 358291 876791 702997 686989 473249 280005 789132 384652 131974 061551 237844 805934 646477 249532 306316 474436 888002 371922 385954 540246 520471 106354 527947 151776 770454 022023 825582 547390 457479 388003 202443 011425 079349 047039 587094 119518 564284 465815 830802 911519 337800 536321 515982 947713 023497 358481 409444 011246 993451 066480 041524 825074 228818 398098 242223 770868 548002 338442 161995 242890 796509 
