http://news.sanook.com/lotto/check/16112566/
FIRST 557990
THREE_FIRST 346 412
THREE_LAST 778 961
TWO 14
NEAR_FIRST 557989 557991
SECOND 053770 090865 294732 814503 890181 
THIRD 301309 509749 512903 572983 638418 687981 788239 793605 923544 992823 
FOURTH 026550 133908 215310 291405 341888 410849 519191 663779 764414 893920 056489 141723 229547 304325 370249 448293 520008 688103 770075 899849 099233 170841 247663 311255 388287 464333 553800 691867 793102 920326 102360 180925 273740 320174 399353 481642 570247 742320 814695 921003 103409 210806 283220 337800 408963 514363 586543 760711 816870 973302 
FIFTH 002189 106336 232338 332916 408035 516318 623615 721713 840797 940429 023072 110190 249269 335344 415307 536552 630420 723140 844839 940710 026037 112731 263520 344981 430481 553977 636670 732900 863921 942966 036191 129881 266266 369953 464203 556835 640877 743663 865649 943843 043079 130163 270846 378887 466776 568454 642511 744360 879177 971855 056599 149055 278124 382720 470372 570163 669917 748174 880697 977611 057203 150481 281766 385332 488958 570317 670984 754531 881032 982015 067428 178985 296240 386993 501910 571300 673745 778391 914576 984093 083781 201577 309525 391591 509727 595236 686235 822452 923153 991957 101494 214042 326731 405247 511653 609311 707213 828509 930374 994734 
