http://news.sanook.com/lotto/check/16072566/
FIRST 169530
THREE_FIRST 261 384
THREE_LAST 066 780
TWO 62
NEAR_FIRST 169529 169531
SECOND 092720 359321 629909 645325 662791 
THIRD 140893 191818 272339 304043 774219 801086 838244 878811 880138 950551 
FOURTH 002548 064525 204086 251418 332517 460748 599669 675878 761761 860948 015731 067426 227901 255134 357282 492208 630113 686229 799002 955810 029345 074525 228229 260430 359874 532970 635178 702733 810738 965413 040831 099126 233184 267349 402356 534929 648812 709806 837220 986131 051465 201374 240990 288060 409921 546966 670572 758725 855587 993352 
FIFTH 004387 137963 251052 336169 491088 613722 732291 806275 895693 980328 009134 139497 263306 353740 493770 614915 749446 809056 903633 981988 011247 146308 275075 362259 531356 616015 760012 810129 907602 982496 041215 150223 300831 407311 541903 626517 771918 820474 911188 983907 053188 163286 305371 415301 559691 658401 788915 843694 917844 984802 054381 173357 317559 415406 562459 682142 791659 846384 924934 987160 096777 210823 318534 430921 564373 689159 798575 850256 945238 988293 097611 214717 323104 459558 568309 696615 801792 863691 953366 994677 105243 227244 324595 460920 603061 716165 803069 876745 953751 996199 129860 242421 335690 477333 603975 726148 804895 889050 968245 999285 
