http://news.sanook.com/lotto/check/01062566/
FIRST 125272
THREE_FIRST 000 681
THREE_LAST 386 971
TWO 09
NEAR_FIRST 125271 125273
SECOND 340553 597186 707653 787470 912776 
THIRD 078901 164934 220833 238972 253060 280764 475493 506665 911234 965960 
FOURTH 003705 153014 239713 322029 378856 479523 563404 664347 773614 882616 013625 153288 240063 325713 398807 486197 623985 731331 780151 893603 092739 169765 262947 353321 422511 492690 630878 735153 790960 928712 117443 179447 273458 361937 436208 509306 639469 743407 833083 944981 152293 210982 291011 363239 437161 526626 649340 762968 839743 957846 
FIFTH 002674 125776 278148 369179 449568 575251 648806 758165 875926 953793 015044 159272 288299 373699 463962 584231 662172 766703 877499 961877 034745 181553 295024 380792 466204 593482 683942 779050 883876 964532 038320 204974 299246 388708 468885 606711 707857 796078 884668 977237 039039 218959 301977 401844 486390 612611 711420 798068 889306 978371 065373 235859 306888 421558 508377 620208 720429 811046 890071 980360 083748 244640 319417 428103 513987 627840 725146 824550 916022 985072 092827 245750 322558 441385 525174 635452 740279 825510 934699 985783 108626 259745 339407 444723 530162 647668 744587 845053 936535 986026 117064 263692 360964 445859 545146 648386 757168 871296 944683 996981 
