http://news.sanook.com/lotto/check/30122566/
FIRST 625544
THREE_FIRST 600 648
THREE_LAST 882 456
TWO 89
NEAR_FIRST 625543 625545
SECOND 022784 347586 937983 986207 997718 
THIRD 096489 109948 168613 202356 324753 347959 539834 917331 965361 999781 
FOURTH 017093 112716 264505 303103 323314 391016 544533 639890 781132 862230 031586 196276 270324 307357 333302 436978 555224 653552 831473 929098 061387 213908 285584 308103 335395 487351 599501 687929 834659 952741 062770 216574 291080 318481 339754 500526 622585 689101 846933 952872 087425 218826 294950 322271 353244 514153 638360 740199 858164 973614 
FIFTH 002987 066303 129847 216238 365009 454976 548605 680872 857282 939294 006418 068280 150028 217586 371548 455558 552463 694526 887270 940187 010160 085953 151247 227367 375285 463329 570402 718011 900077 943945 012060 086608 178923 248471 381221 470513 572947 766184 910138 946096 020270 090084 182147 270595 381644 478440 587456 768814 910562 949493 023257 101839 201844 315908 388050 481143 587873 793216 916807 963586 030189 109018 206981 321021 391331 508235 604020 815537 922937 977007 037190 114828 207878 323109 422045 527162 622745 817142 927622 978679 048395 121142 208776 324430 428073 539471 647640 818211 930152 980376 051040 126498 210659 341258 454119 547674 665273 856211 938439 986235 
