http://news.sanook.com/lotto/check/01042566/
FIRST 087907
THREE_FIRST 111 914
THREE_LAST 290 698
TWO 99
NEAR_FIRST 087906 087908
SECOND 108675 196954 250149 309743 805914 
THIRD 038539 107827 212379 316883 352585 362424 529206 551768 715548 769712 
FOURTH 035885 141530 214808 282700 378089 446793 581827 629482 749558 798449 056080 155329 219843 286399 387188 461495 597800 691942 760291 832248 060689 179111 224219 289055 399332 471524 615972 695871 773341 912239 079640 200071 233961 316115 426109 495593 618938 723169 776468 914923 137670 200760 240022 319181 445688 520212 620544 731192 778250 925280 
FIFTH 006519 096227 202603 276878 351838 448756 553533 619846 756586 869884 009898 108849 228794 295474 351946 453902 575464 646796 759967 905388 010376 110138 229106 297612 353376 456828 578532 654070 763652 920401 014290 136409 243494 303362 353513 492817 585525 684959 789207 920414 014589 136889 243870 318054 354120 495859 588729 689647 791255 924716 018117 141406 244277 329146 354986 521547 593198 699554 794147 946395 044610 156691 254155 336620 390637 525829 593908 705018 806594 968357 058231 173884 254451 346718 404061 526829 608709 709284 808721 971294 068624 174755 264393 347094 415662 528850 613522 751782 812122 987629 092653 198655 271902 348838 441625 531959 616981 756310 858303 990976 
