http://news.sanook.com/lotto/check/01102566/
FIRST 727202
THREE_FIRST 355 324
THREE_LAST 426 615
TWO 66
NEAR_FIRST 727201 727203
SECOND 874994 886318 344794 775634 003965 
THIRD 861486 727320 328132 964504 453635 350895 836683 837669 812253 814366 
FOURTH 622209 589484 083279 892374 538638 581949 232175 704716 651528 158841 966556 438173 947937 757583 031805 705034 609375 552255 699194 235836 723638 261477 412158 603196 196108 293601 681310 099556 106431 129221 008322 611767 106922 489388 576357 858741 420210 147090 987503 628290 257738 861628 531317 398314 661022 117579 067381 343218 209484 260050 
FIFTH 816272 827532 948218 695453 201199 819263 304049 055868 273673 093763 734891 294742 950419 990430 238665 247175 415795 382819 724057 884646 166090 275746 880286 901564 899198 616608 845193 108961 822638 967262 232005 276420 220117 861928 447318 257065 216612 029281 003892 994527 903196 541546 038207 243457 220194 885649 441842 287291 368516 250785 759468 697104 847936 038725 313680 255164 868392 445906 442807 506176 731663 985215 001111 102331 481368 517458 716158 369539 422798 978814 059343 522797 130612 286771 224030 928433 175356 632683 396769 513147 401226 861113 828122 773094 865815 512936 998781 159217 328771 041588 680491 193144 946973 203632 804899 495202 046100 169456 853715 008607 
