http://news.sanook.com/lotto/check/16032566/
FIRST 025873
THREE_FIRST 420 800
THREE_LAST 355 544
TWO 73
NEAR_FIRST 025872 025874
SECOND 775836 153108 478174 697347 534266 
THIRD 360478 496567 430702 744136 971489 613950 969765 361344 029107 879269 
FOURTH 184409 834288 679146 587705 871068 529065 582282 676443 787565 952379 564687 848545 314757 027196 635115 623564 306801 440471 472752 934399 128100 120788 338367 998001 014346 702114 281278 908204 957812 563671 327885 671298 487534 665041 231343 664164 344109 175353 169176 869588 515287 593044 173077 419505 699622 638548 415660 006622 717278 890879 
FIFTH 983535 646339 641170 436715 078308 064617 372638 777103 985828 497766 009228 957043 915645 541313 496237 574921 856565 850542 432116 202019 706166 328855 616929 396555 094021 043645 333159 523046 582180 694975 287953 070828 010633 034858 450343 439558 517387 393454 344024 501719 901050 538630 983082 349221 596665 286330 073953 382879 728118 393750 664385 979370 342488 321556 520275 629103 367856 920512 959565 363601 551468 503278 339852 954337 188737 592595 518761 102340 182055 231230 470638 634249 423650 422111 008238 014579 611817 897677 128642 563104 773198 984364 198197 177231 880589 691253 364811 131730 152814 583034 985000 345826 544919 262670 988180 473355 917641 686936 199578 724264 
