http://news.sanook.com/lotto/check/01092566/
FIRST 915478
THREE_FIRST 521 596
THREE_LAST 692 291
TWO 91
NEAR_FIRST 915477 915479
SECOND 033500 088784 375167 524597 616261 
THIRD 020912 146871 242554 272543 345062 599792 692412 777447 891133 921284 
FOURTH 001181 098509 224170 239247 348202 381165 513032 587365 676237 841060 007603 098936 233466 249489 357823 415939 526424 609261 712604 855521 017976 124560 234153 273077 369233 431305 545908 619228 737026 878249 074673 191164 235123 296120 375415 445948 569804 626162 815554 990954 080413 214007 237770 345582 380175 500908 573119 648035 828269 994597 
FIFTH 003412 122667 200765 287259 399002 531413 627581 753291 897063 951507 010091 126713 202415 301815 418084 538308 659190 762303 906529 959825 010985 129251 202912 328527 466804 547005 661157 781734 910380 960726 021913 133687 213968 351585 468673 557876 662535 782226 911880 971773 065698 136945 226957 352150 472022 577629 666050 802263 912653 984525 067420 152643 227785 361347 473800 586225 669893 803481 928412 987190 071416 162681 229505 362013 493260 589565 676918 830015 928808 987232 086778 165235 231188 368530 516051 605112 682636 846154 937724 993628 087227 171813 232845 377739 519801 619294 706638 873678 944583 995169 106003 184914 284309 398790 529684 626930 751780 896712 948669 998074 
