http://news.sanook.com/lotto/check/31072566/
FIRST 260453
THREE_FIRST 268 708
THREE_LAST 387 601
TWO 11
NEAR_FIRST 260452 260454
SECOND 128994 194025 250535 623291 959841 
THIRD 029361 118369 139635 294907 358514 529386 629167 858896 931311 960666 
FOURTH 049259 176866 226812 310705 400984 533880 650454 755529 818175 861684 054599 183774 263081 349848 405409 603034 664298 773467 820899 863682 074484 188597 290329 356351 450255 638131 675501 774413 823802 929294 130409 192502 290492 360131 451511 639225 692432 777915 843179 935255 172044 202460 295217 361169 527144 639240 737982 815134 843920 951438 
FIFTH 008314 183764 269199 319102 399899 520896 628055 734830 813597 914419 017698 192529 270331 320502 430276 526644 644101 738616 822456 917144 024784 211858 275985 322641 431082 541331 646351 747049 823562 941570 078356 225420 279283 336968 442853 560398 668385 751235 835158 950243 124743 226137 289338 368079 448746 585420 679520 755198 843812 952752 143767 230780 292530 379989 462184 590829 681691 763623 844885 954430 165819 241279 293384 390701 468326 591013 690322 764728 850645 972353 167403 244052 296910 393723 479889 591174 691841 775078 876255 983074 170101 252582 309802 395293 509945 591285 701473 784868 882918 991396 170711 264726 315579 398365 519433 625652 719008 794896 903416 996214 
