http://news.sanook.com/lotto/check/01072566/
FIRST 922605
THREE_FIRST 281 867
THREE_LAST 491 947
TWO 16
NEAR_FIRST 922604 922606
SECOND 196298 210620 450255 493304 740515 
THIRD 049807 056889 080234 159725 305127 554714 644156 741421 834144 848916 
FOURTH 007973 128080 274265 411687 494036 517668 623706 703113 791713 868449 011638 170713 308637 414423 497647 565159 655436 715480 793219 894570 032672 200754 334885 430139 504541 574416 668740 723028 816405 926020 058360 233411 354757 450795 512296 587428 689714 755271 822360 963212 082186 257308 386159 482292 512341 598509 693515 757306 868378 987332 
FIFTH 035115 133066 241474 358087 483700 604398 689156 753801 834218 931900 054817 150405 256185 366759 508115 608068 695539 760821 836888 938790 056903 171664 259262 416106 518671 608808 701592 764661 845317 949173 078857 178149 270562 444385 529362 652585 732106 776437 853265 950872 091056 184672 274418 452674 534832 657290 733497 799704 853965 957080 102075 195161 275367 454286 547543 658598 738571 804530 871650 958972 112085 220118 289301 455849 550446 664301 741755 821645 878252 965446 113693 234886 305102 460480 550605 667273 746178 826787 907674 967516 121498 238166 315842 477191 595031 673435 750415 828112 930148 967573 129861 240481 343465 481513 595926 674862 751311 830059 931538 996936 
