http://news.sanook.com/lotto/check/01032566/
FIRST 417652
THREE_FIRST 577 919
THREE_LAST 748 984
TWO 55
NEAR_FIRST 417651 417653
SECOND 024604 099227 427219 498462 665106 
THIRD 121311 170533 218464 426767 617816 660926 681403 759727 869111 959652 
FOURTH 151317 244439 271844 316965 413738 520464 657260 770467 846129 952854 174923 245900 274081 331405 419942 526312 696482 800978 899425 957925 198033 248306 277981 338822 462429 592890 701855 810220 922107 965793 199386 256258 296067 365393 509922 614991 735802 818967 923383 980781 210176 265721 312150 413072 511901 657098 745875 822350 927501 992708 
FIFTH 016249 109323 207704 306694 398686 493708 632198 729033 840700 936853 024522 132211 219347 316125 415434 504824 642733 735241 850381 939220 028933 142069 222429 343745 420298 507015 650225 766375 857858 942908 040767 150256 222633 350343 431007 533008 656171 770254 861160 943667 041855 157181 236875 355854 442219 539563 686128 772529 864612 949994 054675 170837 247365 380695 456607 543234 691446 777986 887058 956022 061732 177245 252287 380857 466910 551960 692135 808403 903781 966383 067257 178986 255899 388136 474312 566144 693441 809832 914810 970936 068469 186066 297982 390666 480624 596212 700941 819948 917588 973360 074212 199913 305066 396183 486618 631747 719391 820963 923197 995430 
