http://news.sanook.com/lotto/check/16122566/
FIRST 356757
THREE_FIRST 058 410
THREE_LAST 584 964
TWO 85
NEAR_FIRST 356756 356758
SECOND 095941 173448 752506 830864 979994 
THIRD 005819 013187 081787 087303 353611 382822 543436 617861 630453 663106 
FOURTH 011902 071436 235170 320427 435258 545099 640501 744339 846977 937121 041383 153129 252443 324000 444027 561379 646488 792942 860739 937386 047534 166237 277323 333802 478644 609199 656804 806692 870644 938323 050179 187518 280683 386891 482864 627849 660598 811012 905532 955234 060166 188993 307501 420104 515621 639977 661857 841869 923712 966800 
FIFTH 002377 133426 217439 336686 385322 491843 614250 714853 828723 900592 030693 144207 224026 337500 406383 502430 619518 748059 832091 908360 051463 159372 225076 344359 420618 522224 630139 764356 834390 926347 062149 161185 225490 347784 423096 530777 631855 788332 840557 927499 064061 162277 235425 361338 433398 550089 646283 792985 854312 939325 082091 178023 249642 364965 445044 565526 648440 798174 859126 945611 083813 181500 270671 365124 455922 578321 676829 800831 863269 948383 086606 184917 282814 368149 465206 580421 683776 808280 865058 951173 102904 198052 307171 373115 468219 605780 711756 811138 878690 964284 104455 211353 319334 373728 479926 609156 713945 823347 898264 983414 
