http://news.sanook.com/lotto/check/01112566/
FIRST 743951
THREE_FIRST 335 913
THREE_LAST 019 349
TWO 63
NEAR_FIRST 743950 743952
SECOND 128241 162345 246290 327432 867548 
THIRD 037046 091401 145208 295363 344560 434783 499524 605523 792711 895622 
FOURTH 002011 147221 270028 384292 466056 508401 565298 651940 715262 886794 057149 155383 330856 401664 466363 510980 585010 671863 730787 892805 060081 164666 339925 428811 468859 525891 602110 677952 835006 969188 082690 216717 354676 429047 499762 533855 609844 680057 849936 991029 122047 248062 373332 451511 502460 562118 639584 701714 852737 999847 
FIFTH 001099 126208 231792 390232 469782 535948 633603 728929 844135 921639 009621 145050 233107 394341 470851 542860 635563 733970 844945 927051 009866 146673 241220 402846 481883 560624 637674 740833 847284 928505 052713 170607 247897 412840 496065 575153 649749 760809 855118 936338 053322 187280 254594 413163 498602 580103 657988 762991 877072 943163 059751 194685 308590 413783 500847 580556 670691 768482 882961 948724 063528 196529 316782 426001 518951 583385 697447 786176 905712 950382 077848 199165 331268 445846 520928 585348 703217 795278 911630 969131 089061 214551 335145 468521 529519 613450 718443 814108 913184 983068 116566 217474 354638 468940 529930 628117 725736 822694 917985 989657 
