http://news.sanook.com/lotto/check/16062566/
FIRST 264872
THREE_FIRST 519 628
THREE_LAST 202 874
TWO 30
NEAR_FIRST 264871 264873
SECOND 011040 105603 297899 374808 786981 
THIRD 106523 172552 366764 440923 473403 530337 644456 649698 794962 961333 
FOURTH 002003 052694 224783 376617 452245 613991 680258 789704 881526 920322 003225 115643 266734 387940 476194 615394 722727 789945 886149 922553 024897 153983 325482 411119 520504 640342 729539 817837 886665 938134 026477 160523 329523 444201 547952 644923 762736 819445 899824 939525 026519 169407 331073 446774 587657 665313 787619 870229 903814 965027 
FIFTH 008599 132493 257059 382269 449015 580660 642460 758526 843753 921683 016127 163973 257498 390518 449452 608004 668083 762583 847065 925858 034476 173639 294995 393824 467303 611510 671265 766541 852137 938971 058579 204389 305652 401238 490147 616885 703922 770034 856923 953616 077615 217990 316061 410668 504195 619223 720895 776386 867480 971160 087299 218727 335088 425232 539435 623002 737729 788344 875422 971709 103681 225932 339394 434754 545678 623726 740148 799819 879026 977346 105188 244451 360430 441479 552540 624293 750728 813434 893633 978932 116399 245708 371696 445327 563155 628040 750980 831561 911888 985622 124263 253052 376700 447859 564823 635468 755597 843328 915182 988284 
