http://news.sanook.com/lotto/check/01092567/
FIRST 199606
THREE_FIRST 173 220
THREE_LAST 094 388
TWO 94
NEAR_FIRST 199605 199607
SECOND 536661 218971 253914 190588 878717 
THIRD 982233 549686 106515 356438 817554 384338 163064 577240 163488 876783 
FOURTH 011311 278068 434841 894509 670044 544112 545963 819051 766923 235487 076131 276979 425809 534501 667294 860721 190925 300766 194609 251083 653506 083147 705593 706744 422406 462934 522365 875776 016635 863849 973807 520419 102266 757806 371539 301932 136548 889709 088798 740262 158488 114444 766849 793180 427556 380548 177872 380502 261109 427510 
FIFTH 312177 236040 470826 882871 907234 361316 015106 772619 857502 374966 954277 364848 466805 701245 962806 765472 805461 900635 115133 209064 693506 513957 803238 994390 440126 414395 661364 481631 000159 220461 252076 212789 513241 860241 298997 089629 080992 301833 034196 683559 004833 299985 327793 490262 697944 108699 412225 955685 756125 618969 149142 334112 832624 915196 120482 363020 252771 133944 331907 397357 523090 806578 000633 909446 084945 846704 954381 010931 649429 695017 362992 733586 916474 930105 855671 543792 513564 868140 748201 677710 589955 512985 514656 361411 772492 265188 002932 848584 175130 420449 449498 926437 968699 530321 761425 533132 280983 769582 622312 978954 
