http://news.sanook.com/lotto/check/16082567/
FIRST 095867
THREE_FIRST 212 334
THREE_LAST 697 728
TWO 28
NEAR_FIRST 095866 095868
SECOND 038546 226374 469262 469899 974224 
THIRD 351293 500076 602409 605705 635741 792643 854153 870121 870199 918535 
FOURTH 054378 176131 277743 353159 483416 525880 647195 739679 852326 934227 061220 189882 285832 356841 484382 531163 650811 769072 896010 944230 064127 216743 297370 358285 491697 535571 657429 788403 908323 971492 080324 239634 320191 362708 492425 567078 720544 795096 915869 972893 080935 239745 334863 407016 492713 637241 724029 826219 929860 993372 
FIFTH 023901 113884 164904 339017 432767 523900 601216 720970 798917 858210 025262 114925 185518 341894 435309 532754 607346 723059 799415 869949 025367 116703 192930 358243 439974 532771 614351 723188 810785 905672 066572 124481 202685 399634 446710 537016 617582 727189 817943 919797 068055 125567 229531 403429 468010 537232 625546 749286 820542 939312 079389 131975 236059 405000 477765 543493 625571 750176 829353 943070 093803 134811 253956 412167 484180 552918 663880 758194 838234 949050 097582 142585 255582 415136 487933 557358 667669 784362 839199 963350 098847 158151 315088 429285 493380 564552 673641 786141 847344 967411 107471 162642 327964 430576 511891 583198 683276 796590 856340 983768 
