http://news.sanook.com/lotto/check/16042567/
FIRST 943598
THREE_FIRST 729 727
THREE_LAST 154 200
TWO 79
NEAR_FIRST 943597 943599
SECOND 062259 100755 282285 297933 448213 
THIRD 018772 147563 267940 454577 595074 665998 720144 734269 773313 788457 
FOURTH 001228 095714 161787 299820 408301 514761 666284 740276 876132 971568 033439 101738 194615 300839 419267 579570 705082 745069 879972 972561 040459 131029 236113 311765 449523 599692 719958 775119 882048 976687 068452 133343 256511 385255 465845 616783 721757 842015 911165 985476 071875 145541 261565 397217 475389 651025 727091 863195 924865 998458 
FIFTH 008649 088983 172715 218351 322555 454174 562888 653726 756546 898212 019836 092288 175313 234248 323067 464986 598986 657266 769576 906751 040197 100329 175392 236948 341167 487179 614633 680808 772486 936704 045170 104180 179497 237941 342931 531320 616068 690806 803498 949675 061659 106078 182425 263801 381378 534133 616761 692070 814109 957591 063690 106160 182825 271470 383482 536503 622334 732916 851456 960034 070320 116314 193111 277674 411758 549465 631424 737012 862993 964814 079611 120489 197190 299159 424276 549714 644959 744261 869716 972601 081630 129309 209708 306461 433446 556347 646104 751072 876637 996353 087920 147982 215548 314231 442322 560631 650707 752050 893211 996997 
