http://news.sanook.com/lotto/check/01032567/
FIRST 253603
THREE_FIRST 975 900
THREE_LAST 382 703
TWO 79
NEAR_FIRST 253602 253604
SECOND 916831 286578 629052 883154 329008 
THIRD 741595 224148 056295 125604 079194 619022 544094 696224 587666 336549 
FOURTH 160137 773783 712724 794689 732775 080910 866816 236305 021044 063059 429117 502624 992232 307823 412827 787548 853578 981305 701004 267511 823052 276157 613975 109194 158994 699980 015041 914093 700897 680314 492492 664413 429032 593091 229788 697629 961273 132070 596850 685438 824219 689167 738961 325196 854476 494061 289497 887183 771338 136841 
FIFTH 403364 606961 516340 864583 524889 133450 938033 222183 187645 804122 181477 283585 193138 421588 731758 998450 713966 737691 038241 388991 708321 354731 581380 796763 740687 237690 936195 985962 961854 414872 786791 251627 262372 439241 734180 862026 929510 488751 140673 943345 499583 320599 438533 210027 175354 181003 206636 571973 776597 898832 765909 772218 950089 041914 787456 240531 986196 576079 976534 411380 217436 071425 383414 985179 947024 323297 375111 095780 579820 960799 080391 026305 427431 700340 279682 680988 562203 310154 484976 756780 071820 712999 784599 101722 689385 739921 001973 039430 515618 452634 204601 159677 077730 794350 142461 770249 022732 161258 328516 800658 
