http://news.sanook.com/lotto/check/16052567/
FIRST 205690
THREE_FIRST 885 747
THREE_LAST 137 070
TWO 60
NEAR_FIRST 205689 205691
SECOND 051664 418448 589461 753950 862515 
THIRD 282965 625541 658671 695909 730886 737000 787378 803933 831208 987576 
FOURTH 009719 174951 256245 320888 391338 577047 644520 733830 836258 950967 081650 176775 259114 338715 402421 590008 645861 746802 850675 965748 088710 187716 261372 339581 414318 593091 651594 756905 853693 988056 095107 224331 266130 352139 439055 602925 703403 787062 902724 991850 137473 250866 310292 376789 544984 622774 722477 798919 907223 996534 
FIFTH 011016 164089 349215 418285 512815 565794 645113 763554 872762 947791 016141 183636 354437 422625 520219 566794 659221 775921 875647 950316 029171 210371 359444 453204 523312 594780 669611 790707 894478 951224 054967 223879 359888 456676 525350 604243 672330 808246 897365 967438 077139 224606 379072 462525 529977 612991 678348 835807 907595 969515 099921 224623 382067 477860 542797 621413 687477 841034 920214 979193 100486 250968 403777 490116 549150 627605 698695 847156 924253 979559 120743 274866 410038 490133 553872 630257 715647 847506 931182 987029 128048 286023 410722 502464 556693 637975 732202 854947 938091 988300 133180 341093 412923 503663 557784 644545 756238 868087 941650 988503 
