http://news.sanook.com/lotto/check/01072567/
FIRST 434503
THREE_FIRST 839 975
THREE_LAST 647 778
TWO 89
NEAR_FIRST 434502 434504
SECOND 051210 119336 120284 643628 779915 
THIRD 067625 068498 082892 112814 344989 444531 448678 489726 509881 716400 
FOURTH 023956 160175 225892 292040 360281 494578 596385 672342 869310 918486 052671 166107 226682 295958 370603 516632 609789 677475 875779 945560 092610 167869 236905 313471 372428 526765 611097 709328 881222 950641 122729 206721 271777 321165 380940 540411 615858 794387 887136 966503 143702 210278 290322 325423 464040 548304 636886 858600 907438 986701 
FIFTH 002506 127655 219369 307383 435771 520301 625761 728162 837681 927117 025099 133567 219385 320226 438585 526819 636220 752372 846157 929132 042336 148817 227532 360627 458224 532555 644008 752876 847443 933517 051521 179061 237179 366206 459375 537736 667377 762640 848407 934011 059228 182881 252646 380460 470814 549722 689093 780912 851414 951359 066635 184989 265925 400838 477344 574931 694430 782393 894572 958051 095930 189048 270390 412016 487090 584045 698584 787950 901792 960387 101429 191363 277604 421736 498104 597933 699727 794733 904447 970030 118847 204930 292399 424410 513439 598306 717700 808754 911483 982253 122718 211803 302466 426746 513569 598387 725339 831497 919369 992438 
