http://news.sanook.com/lotto/check/16072567/
FIRST 367336
THREE_FIRST 331 011
THREE_LAST 421 618
TWO 21
NEAR_FIRST 367335 367337
SECOND 004776 347960 886001 388714 911595 
THIRD 410870 720428 929494 608949 537070 399235 248364 093921 147985 982179 
FOURTH 713558 004093 901252 801545 128975 360620 429508 983286 190219 892627 345306 205678 711840 003130 815279 740123 604096 046094 223488 868526 932156 015012 554593 671949 539081 028103 296870 195752 018467 903340 953032 245819 346875 584418 400231 567608 493279 414763 729050 526169 951226 072695 227124 165094 434487 846271 373673 264413 167345 445465 
FIFTH 543168 689126 450793 691231 307602 042659 461553 163584 384767 968850 716932 280789 962268 985996 201428 445293 566206 004941 121722 908118 681525 632056 768099 076623 202597 951332 988242 465992 290051 952410 024194 621679 462674 831340 092368 760009 485341 776955 128199 624167 761491 921816 848653 912974 397143 106735 955445 883978 147546 079032 054227 253709 566342 402156 906407 770786 802186 531078 514277 396475 954050 043761 437806 524027 424422 649565 349896 587379 910006 485430 058038 232893 001678 177590 551661 939929 659726 693144 442723 472188 487894 084151 895784 366829 876859 988812 684081 328415 315494 075711 027440 457322 935770 276808 259191 327434 198593 455279 795325 030856 
