http://news.sanook.com/lotto/check/01062567/
FIRST 530593
THREE_FIRST 194 364
THREE_LAST 421 734
TWO 42
NEAR_FIRST 530592 530594
SECOND 356805 808128 792363 938867 029712 
THIRD 243580 160283 777744 404804 272437 448892 544359 694974 046843 443044 
FOURTH 233880 168521 183126 834354 620385 678979 944778 145262 549805 598690 470737 581373 343071 531156 065645 051598 495952 794575 277318 638080 464405 153750 205045 526970 413224 842151 849214 933126 526838 083471 294416 840200 438962 378829 703944 646271 405634 656945 459138 238892 440176 020392 550315 753505 692674 957867 211846 240317 951837 485847 
FIFTH 755016 838184 935430 768221 294987 458656 621493 868909 102535 451796 454431 195482 990634 272964 642942 888192 077829 333705 818395 093804 270730 973347 985312 460387 903209 073019 277175 585912 279395 533685 231833 800717 170522 849807 140336 013446 418120 508290 671749 698368 362061 180989 655691 622177 034704 383029 526562 965039 439694 559838 144746 817662 458119 029216 594482 156179 240678 852984 346092 700010 953286 610246 339387 046921 834256 025445 718959 851546 340639 825213 491735 290538 371771 726199 894182 195900 759065 339091 142489 842139 146567 408504 408260 514953 267883 469973 925646 307929 371628 879199 378038 902974 687899 481869 001233 673775 180819 402981 000896 502580 
