http://news.sanook.com/lotto/check/01122567/
FIRST 669843
THREE_FIRST 559 626
THREE_LAST 098 654
TWO 61
NEAR_FIRST 669842 669844
SECOND 127223 141669 257611 362623 511822 
THIRD 007427 063530 225443 361496 412183 489823 632428 781904 799112 988373 
FOURTH 017721 086494 213958 276443 412207 523975 631207 711163 803676 908080 019273 092386 221943 287059 415228 529435 635435 721991 823603 913697 022020 110508 244738 292911 468693 556792 656044 777702 840761 920410 042702 150524 251466 310734 485229 612785 661196 783205 858067 954641 060334 173524 256247 311035 506997 621091 702772 786108 865378 969664 
FIFTH 000444 119815 213187 290402 422780 516740 659735 759860 862439 942694 004229 129254 220724 295735 425408 518718 660109 767161 864440 950649 029563 159762 224868 310173 437355 555795 661043 794753 865280 958709 045935 160838 225464 329479 466629 562496 697223 798613 889207 972507 062626 165517 244443 340190 472750 570477 704404 801515 891591 972663 072992 176011 246732 353846 472981 587103 719345 805620 894211 978088 075074 177886 247480 355059 477673 594170 743273 824063 902108 980718 094632 183717 250963 372901 491890 621010 752228 832512 908469 980858 102006 193042 262620 394095 502139 635061 754440 847276 918078 988116 108046 205941 264021 406805 515208 647410 758463 858864 926936 998784 
