http://news.sanook.com/lotto/check/16102567/
FIRST 482962
THREE_FIRST 648 561
THREE_LAST 919 493
TWO 00
NEAR_FIRST 482961 482963
SECOND 209783 960616 887149 091247 042170 
THIRD 744996 079381 350969 701566 327831 942966 360198 803140 835479 309600 
FOURTH 155170 825993 884284 322962 395774 874449 414059 176736 315440 006344 021948 604412 500651 730622 168879 729593 318165 573022 167913 424010 138948 394200 528843 391203 563373 215243 615764 417106 226460 292397 724358 470723 056126 288167 195795 637681 826605 863363 405302 423542 113438 536788 358015 656780 388836 180486 564006 630912 934027 462725 
FIFTH 995215 767119 690027 574970 943107 923774 818894 913324 668768 399081 424294 848771 269216 526233 396665 177122 594820 916049 987926 755995 133254 567405 019648 318414 305067 449561 706603 918643 924761 104312 892171 714625 516489 375592 105882 926205 782906 812819 109582 755262 070972 859244 726301 277076 937467 158877 315418 034806 169064 446104 026221 942202 777604 356122 749182 128580 852841 544623 958786 464258 400476 367162 293854 940940 169981 389716 696974 744551 727325 468744 242520 529490 956648 524834 533524 354352 889734 976947 996774 572047 059147 493933 392533 565243 892802 347685 915590 192105 750256 414328 164916 207873 516238 279617 141955 311731 161363 650003 474541 103237 
