http://news.sanook.com/lotto/check/16022567/
FIRST 941395
THREE_FIRST 056 330
THREE_LAST 587 375
TWO 43
NEAR_FIRST 941394 941396
SECOND 211823 373681 796338 113367 496441 
THIRD 936126 460139 134889 552114 042623 843088 278597 443451 487983 381382 
FOURTH 385067 752257 500392 374357 914215 539332 612090 756050 290149 763978 301175 727557 644916 075236 310055 363420 981752 301276 836608 044458 832234 637827 889886 633434 125127 119756 500829 438338 366476 038359 777366 563369 084081 389775 188306 039220 660302 426909 181834 815554 549309 808757 555748 947702 911101 482581 456575 656500 226954 889033 
FIFTH 035736 019328 818287 193192 014671 095947 233423 711151 446339 181917 306001 657274 996047 277050 795971 143793 611073 520537 374810 574692 189393 584252 922417 543667 152190 584863 700313 005617 146868 387206 188188 255988 175113 361557 850980 133453 041950 241143 406936 517656 736154 510381 594938 243949 663612 456150 412996 300048 113391 770452 278567 471303 625515 612374 164740 960902 904426 461672 579387 703034 503711 995054 937928 033577 302352 533774 254855 647570 002860 162860 179639 965175 332488 884007 219226 748606 248303 604482 008370 245048 770386 121121 986008 983366 571133 425681 913543 753804 416655 879546 405171 866426 758573 925375 655079 332689 593124 961609 216166 095789 
