http://news.sanook.com/lotto/check/01042567/
FIRST 803481
THREE_FIRST 122 809
THREE_LAST 559 947
TWO 90
NEAR_FIRST 803480 803482
SECOND 007558 067061 538699 835772 907492 
THIRD 242227 242784 381276 606987 709667 848355 851206 894038 950406 996526 
FOURTH 007438 018965 043174 085992 098288 113573 117164 119156 126515 140765 142436 198864 207231 232022 251486 257965 296519 298199 317178 428044 432258 448975 469451 489817 495395 497986 513767 536203 561189 563022 583983 604221 609946 628028 628637 637017 656650 659412 681369 703400 706750 716289 727711 744487 786846 824960 966683 983847 987777 993776 
FIFTH 569209 950123 448930 124075 454736 902940 860794 383374 620277 197770 136965 346850 693658 969410 444341 657386 254077 660840 559366 790587 807097 618464 957599 481752 049995 071077 266895 030651 731380 247024 138019 431669 904472 825033 009510 343526 270061 246067 557468 431882 977076 638147 299275 735524 350356 815118 548896 108756 092432 886369 446933 055465 314059 337627 304267 174839 218821 288394 728738 516433 993272 591279 054969 039746 345065 861285 110887 017029 134947 255946 954691 032408 442182 287751 005149 349559 063298 474572 734763 186133 867535 323717 663977 763105 190484 190914 604460 845091 821216 430409 751191 077852 066456 592785 258560 219484 944425 932440 912914 368343 
