http://news.sanook.com/lotto/check/01022567/
FIRST 607063
THREE_FIRST 454 943
THREE_LAST 544 591
TWO 09
NEAR_FIRST 607062 607064
SECOND 166521 376456 779424 808878 851911 
THIRD 053669 087418 113069 516593 535443 545456 678876 697943 772652 831569 
FOURTH 011437 090487 185741 255118 426517 515514 572213 656613 737293 873398 030830 093784 198247 275169 430848 520713 587566 676743 783463 880249 037206 117545 206816 331311 471627 538407 609558 685863 804429 901593 058236 156102 226331 377270 477468 547540 634141 693752 826063 914433 068121 166931 254032 421727 491440 569388 644810 703523 854418 974231 
FIFTH 018319 135643 228155 295214 415333 612248 689244 753839 806005 883034 068966 138365 235734 300996 428102 615358 697599 757312 806863 896872 077800 146086 237210 318668 428347 628800 707558 762505 816255 901032 102461 157589 253134 323652 486337 628966 709475 763491 821585 903203 102554 175489 253246 330957 506213 638807 712435 782185 827213 949607 105442 179712 260793 337451 524558 645693 736618 787397 831270 953743 112169 183946 273458 347262 534711 645769 740915 788018 835260 960133 121357 226283 277134 371062 550513 673741 742620 791261 850809 962169 133415 227677 286895 374634 573490 674744 743328 792696 860217 976303 134084 227701 292246 400000 610485 675167 746170 803654 876294 990230 
