http://news.sanook.com/lotto/check/16062567/
FIRST 518504
THREE_FIRST 016 428
THREE_LAST 426 447
TWO 31
NEAR_FIRST 518503 518505
SECOND 025373 318468 336234 491146 929480 
THIRD 040407 223852 343518 392225 428495 649941 670971 676433 845831 955695 
FOURTH 013457 132096 212854 288575 437073 624535 698760 760292 867183 923641 016534 156651 212892 311171 466136 626862 698891 772842 876772 933037 042811 157399 222681 402620 470925 645609 724350 801953 899605 934261 089971 169264 226901 417986 497071 665971 724932 807707 910161 936927 109846 184079 260462 423612 605516 686120 739656 864878 915664 978565 
FIFTH 005567 080029 202640 319875 419771 499471 572654 693587 781749 848579 006221 080396 208170 322424 442962 515062 573957 705394 784891 852740 029759 084386 228557 326404 454177 532629 591664 712893 791205 877007 031314 085131 250876 334741 455032 539055 609736 713997 808193 897078 066618 106929 263877 354077 462587 548776 617942 724322 814492 905106 068122 123326 278555 365932 463544 552369 656934 732572 818715 926490 068972 164308 287982 373058 463671 554881 661955 739782 823709 931386 073759 165432 293806 379230 472623 562015 671901 750662 828129 951225 076922 181024 301759 400375 482894 564001 671992 750839 828461 956483 079801 190046 304991 416365 490171 571400 682523 759412 841160 975087 
