http://news.sanook.com/lotto/check/17012567/
FIRST 105979
THREE_FIRST 429 931
THREE_LAST 196 635
TWO 61
NEAR_FIRST 105978 105980
SECOND 366635 384901 451046 737099 895860 
THIRD 256000 331010 393560 462981 603376 877689 908654 917144 926853 952140 
FOURTH 001849 145829 221194 348659 443034 521485 566915 630677 709231 855710 072938 164205 264439 378701 444350 523776 570088 647513 740408 951812 102563 173399 279938 407444 459593 528301 589723 658531 767293 979504 123701 190307 302768 437931 482266 533695 622322 688507 775974 982583 136850 198599 339746 438929 490771 540216 629599 695472 799973 985733 
FIFTH 011521 143041 213367 325784 406083 463597 571897 672750 785107 912899 014538 143813 220113 332490 411270 469825 595376 674409 826878 913993 060316 145712 242064 339085 415321 471314 598601 715440 847103 927603 075712 160195 242354 340948 434154 478465 611311 717769 853126 928876 079252 160293 244844 354916 434879 482894 617292 733377 870233 968177 079858 160472 254223 357344 437043 504395 626084 759958 870954 972651 106271 183238 266848 379748 452892 530065 637039 761352 871312 974701 107539 191447 274002 391922 453016 552810 642119 764829 872778 978944 108601 195006 277544 393639 455566 561075 647068 775404 908319 987077 128632 195687 318163 403314 456707 568641 656085 782471 908990 999690 
