http://news.sanook.com/lotto/check/16032567/
FIRST 997626
THREE_FIRST 571 509
THREE_LAST 794 329
TWO 78
NEAR_FIRST 997625 997627
SECOND 158908 485546 485642 631001 897694 
THIRD 105303 238160 322578 421546 620048 669775 696050 826842 935199 951264 
FOURTH 000341 082645 236153 343639 411596 465714 582288 657195 758395 830148 018003 118769 246073 363379 429726 511125 611287 667327 766185 835813 024292 186506 258455 369148 431579 531222 621447 701512 766682 836291 051048 194519 281788 381682 434148 535126 636604 716354 788574 941507 069735 229005 323851 382805 447454 542218 656833 720975 791580 990089 
FIFTH 001197 086935 212559 270058 366058 478627 574568 712705 790445 926111 007809 089496 229601 281316 372430 483750 580053 726226 793922 929805 022080 111550 241656 291923 372465 494870 613167 733185 803122 937154 061993 123872 250163 305480 382576 505629 615908 754334 827733 941330 067668 124680 253377 321698 384858 512054 638069 763641 834119 942827 072364 132215 256562 341652 392798 528251 640404 765794 843878 943540 074037 152229 257097 346588 405975 530904 668676 769325 894675 950507 074356 155537 259872 349703 414317 538263 703954 777286 897221 952154 075430 197338 263497 351806 421006 554182 706515 779577 898338 979750 077241 208031 269609 359981 427954 570696 711328 779987 912304 981529 
