http://news.sanook.com/lotto/check/16122567/
FIRST 097863
THREE_FIRST 290 742
THREE_LAST 339 881
TWO 21
NEAR_FIRST 097862 097864
SECOND 077335 142161 208137 773959 885770 
THIRD 132601 164003 214955 232859 346727 431928 543369 546762 579783 882472 
FOURTH 005170 142726 226962 351494 512221 601662 665998 739701 807334 934591 009226 142837 239277 441853 515844 610101 690417 746765 821551 940955 062558 194802 270861 450486 555474 624287 693110 785942 829492 953159 090523 197755 325011 467237 565216 657613 699145 801458 883128 961926 112272 216600 332505 486524 577454 658743 736296 807271 896429 997599 
FIFTH 000720 126272 188327 277818 381363 518176 643234 738784 840150 924064 005446 129244 216550 294466 383136 520703 649102 742608 840505 933526 012690 132312 234386 295057 384252 521374 652077 744745 844198 943132 022294 133265 240986 321051 403646 535868 674832 759966 859044 948959 025790 145400 249618 325180 403966 536880 710802 760206 864713 957217 026835 160740 251189 326384 435555 557342 715352 761774 869600 961592 043888 171540 254796 350040 469805 558938 718628 780180 876705 963351 076243 173566 263787 351317 488721 587085 720511 804602 892314 980861 095262 178296 267029 352605 510444 589843 721765 815269 901378 986987 120133 179844 272076 370241 512588 601202 724824 836320 906805 995220 
