http://news.sanook.com/lotto/check/16112567/
FIRST 187221
THREE_FIRST 036 923
THREE_LAST 980 547
TWO 38
NEAR_FIRST 187220 187222
SECOND 856492 739382 164480 459403 339596 
THIRD 243904 744835 271867 287458 822647 803964 705238 319545 088391 584122 
FOURTH 854444 377347 278756 852768 968311 399138 730035 769620 679006 962056 201819 060223 650025 438914 706630 564974 974578 032420 622075 149320 081623 221831 390470 800670 020102 143088 879859 235398 193067 984918 249235 704511 474735 287080 515974 947933 164159 797585 068457 719828 527535 529166 189506 461418 296736 031147 819942 424200 604235 719577 
FIFTH 822346 577589 393988 737877 888036 455565 763946 466122 982473 244907 436509 895633 541777 831411 171201 585681 306713 730359 229369 040200 719461 332591 777923 647724 720433 504598 508549 190752 925082 429168 361389 992356 680182 419328 200238 447811 796055 273030 279629 032425 148474 986925 799427 410920 247343 260186 057397 428874 204837 025378 625306 216401 727095 856212 944270 908507 269883 300471 921558 301731 441209 780358 525992 941133 542225 768267 643187 657280 308731 612377 852195 092506 645166 848055 911396 464219 477905 171582 731062 340257 047871 650957 653115 216589 448438 269205 440000 101145 867017 992905 715738 344665 694314 301871 028158 606732 363848 345709 369266 033780 
