http://news.sanook.com/lotto/check/01112567/
FIRST 536044
THREE_FIRST 174 225
THREE_LAST 063 231
TWO 32
NEAR_FIRST 536043 536045
SECOND 170220 297790 504140 700568 807952 
THIRD 050258 388173 505632 555089 595354 685143 702685 704102 782390 808087 
FOURTH 005593 045384 181207 253616 323244 460506 575887 696246 815888 896344 020990 098859 191857 273947 337719 536434 633708 761360 842001 934706 023014 115213 206822 294460 388700 540828 638537 773635 849365 947992 027675 130049 217979 294858 401000 561822 664916 812723 863506 982409 034575 163480 247752 300281 451233 565438 692877 814041 866342 989649 
FIFTH 007465 088178 182940 252789 395314 475856 559943 733187 850210 903938 011202 139048 193787 285041 424107 483302 585509 770688 851727 912826 016278 139849 215441 295883 434505 496277 600420 771695 859311 913464 027343 146823 216472 308784 437670 507171 635307 773638 863998 952214 028050 149917 220364 315074 440354 516001 665997 786892 865045 960762 030649 153449 224002 332107 449440 516915 700134 798036 877858 962368 043606 157015 230737 333150 450394 517358 711730 803272 879525 969181 057583 159853 244142 335266 467784 535524 717641 816456 886696 972272 060406 165452 245852 337381 472519 544987 725648 840098 900043 978841 065676 180655 249269 350025 474110 552094 732687 850088 900535 982831 
