http://news.sanook.com/lotto/check/02052568/
FIRST 213388
THREE_FIRST 826 116
THREE_LAST 167 662
TWO 06
NEAR_FIRST 213387 213389
SECOND 654405 611598 835848 581919 678508 
THIRD 735957 177821 010071 929099 603065 985549 299533 194033 672945 732386 
FOURTH 767756 589052 340900 610072 613709 096390 736038 127134 986278 191682 116653 440998 282531 363703 630494 485098 967162 605730 666426 778770 344264 017208 144903 164858 715506 669834 019032 785433 960742 562479 016677 118958 154945 664695 456610 994140 140460 589421 673658 949208 230616 012874 171806 025693 128020 923151 766472 410891 076327 015712 
FIFTH 069239 207634 353933 245602 030795 132963 277515 945929 282826 568497 670910 935675 357020 760647 970192 674547 821917 292829 463859 791045 433121 636008 427583 960890 137652 556648 674784 156294 677503 095629 323573 050101 534384 232109 108845 497208 884004 798081 980984 638691 166654 374058 754369 647507 699505 031746 489849 594699 482320 596865 288673 310203 357745 796748 969950 336669 318280 428721 477272 408712 620924 173931 386815 161488 169652 544256 478021 187957 037438 407778 044996 431563 729087 765122 927417 509983 870216 605313 116649 301373 730225 135335 102114 681801 515476 804096 789699 634749 766405 884802 748963 761979 541629 312546 038680 575349 982425 718446 507161 057001 
