http://news.sanook.com/lotto/check/16042568/
FIRST 266227
THREE_FIRST 413 254
THREE_LAST 474 760
TWO 85
NEAR_FIRST 266226 266228
SECOND 956704 433036 676248 697262 910256 
THIRD 835740 996183 718480 949316 685203 658389 881076 006177 803741 736031 
FOURTH 273668 796331 126219 168172 812416 227442 250542 328865 497611 576441 126522 920524 401586 463187 949567 718634 463301 502192 402616 120563 614053 909395 200883 711288 985225 181876 499336 475113 140225 504936 382144 258261 187246 006165 037471 861079 676146 884153 178515 329418 084623 606168 897760 084043 465519 885722 425348 970884 083181 780493 
FIFTH 613998 727863 967668 586305 018539 171077 683822 509045 793009 603981 323863 946713 428922 243902 331184 613537 766396 788578 539783 326414 530971 556985 289608 322543 057284 863415 354311 772070 339512 211089 740160 814747 500529 980753 436615 738121 555821 346865 430791 200654 436492 714473 120834 391723 379864 239598 888227 156061 354661 895512 808697 013250 671360 257167 825690 288173 234651 103087 462757 382677 805759 937474 781509 947059 151603 911589 375217 251644 634816 317555 378251 767897 118185 587552 297167 626980 750494 737111 762191 677255 626824 189496 271718 322504 435789 925027 877105 133930 643808 940563 841459 305332 788101 761661 518828 235479 076858 577165 316618 822131 
