http://news.sanook.com/lotto/check/01092568/
FIRST 506356
THREE_FIRST 131 012
THREE_LAST 022 209
TWO 31
NEAR_FIRST 506355 506357
SECOND 046135 445869 372408 469250 533819 
THIRD 335233 882984 702603 845523 016078 700546 078655 161206 239209 141752 
FOURTH 395512 702058 058677 865975 067355 733647 762137 242188 274926 311543 920183 259364 206160 572020 250404 132636 252570 233742 890558 645396 322168 710669 594485 813489 876047 051783 968685 059415 880384 555392 588611 189854 235593 922630 836773 440936 171919 099452 974962 929392 440861 985819 005368 734099 731497 068162 351429 267650 457625 625925 
FIFTH 606289 999673 347742 090225 160030 938943 518471 716496 679796 285110 775543 451131 398999 218132 947334 818904 221219 838857 974467 970939 639842 063559 982645 408972 074447 605752 150393 519637 466544 426773 082759 115074 170744 438910 908290 319442 130667 318144 533412 371853 292788 793933 485436 231801 828145 694007 064957 448698 220565 261959 642349 723834 088703 240693 401057 361888 195552 006077 711333 188522 252013 401787 097173 635409 892597 737264 386238 013759 816651 125911 426209 186990 018306 447679 508385 001769 064242 029139 779074 928426 646545 681763 224761 009636 488393 387662 479386 737894 242761 869025 188493 575457 853441 450233 929336 702106 687930 490074 333621 344506 
