http://news.sanook.com/lotto/check/16072568/
FIRST 245324
THREE_FIRST 995 171
THREE_LAST 084 336
TWO 26
NEAR_FIRST 245323 245325
SECOND 115709 256051 814956 844010 844480 
THIRD 105797 154167 350225 385755 518522 629192 750911 801720 828884 905994 
FOURTH 002116 046215 097623 205250 299326 390621 560719 714779 812085 860628 007372 050007 116613 226866 355962 494991 601882 720123 815738 919511 011545 055511 159307 232904 367218 497443 626972 764485 820009 945021 016018 091768 174880 266671 380485 499018 656693 770120 822024 962845 019693 095041 180198 289468 388722 535130 697773 772115 844067 990091 
FIFTH 007144 105540 194095 305674 425320 532517 640226 696136 770121 876415 015640 111887 213929 307433 425939 542950 647642 704157 775144 890358 016179 118352 231338 338354 426860 546361 659868 711493 802249 893580 033776 128026 241055 339237 432227 584314 663981 731083 804898 899160 037112 144671 241761 358534 448700 587133 679518 735702 808215 917434 069539 149619 246647 367718 457698 608327 684527 738529 810563 919913 078976 162287 254594 388005 481418 615712 687765 744470 814426 932741 080861 168451 255525 393207 497983 617152 688515 746667 833037 934805 094222 169262 280183 417929 500170 618898 692894 746981 842048 946717 097664 194027 303267 424203 520693 636361 694969 759338 855521 980070 
