http://news.sanook.com/lotto/check/01122568/
FIRST 461252
THREE_FIRST 655 389
THREE_LAST 137 995
TWO 22
NEAR_FIRST 461251 461253
SECOND 087237 112744 152806 442119 618231 
THIRD 413452 549876 595460 615472 738102 794796 813040 953330 981925 990298 
FOURTH 007504 105779 196755 293467 373200 472131 540215 661035 732869 781749 032506 108332 206736 313071 378798 502344 553766 668102 748102 883450 050502 129372 209958 364038 386074 518034 564123 685608 751603 886391 051937 133998 248413 367467 393173 528384 574554 687211 751771 904437 083737 167235 274513 369907 423797 535976 630327 697791 758141 950142 
FIFTH 001811 111498 153228 277108 378488 433573 524778 646630 733636 894624 002571 112036 155735 287071 384929 434113 528734 648446 742261 906151 013693 112142 156297 300706 392909 434402 559731 654252 753745 918058 041702 117402 160934 331700 406801 436921 574413 656060 765129 920486 042637 122534 171919 338048 408719 440188 579241 659319 798282 921916 066443 124704 174824 348420 410437 456028 595317 718495 800404 928111 074162 129698 193246 360293 411485 466071 597430 718670 808076 956867 085631 130242 208274 363041 414590 483613 610500 719075 837122 958224 099718 146816 221010 366913 422884 489926 611972 723620 838942 964002 110998 147996 238622 375250 425049 511082 633309 732845 881182 991407 
