http://news.sanook.com/lotto/check/01102568/
FIRST 876978
THREE_FIRST 843 532
THREE_LAST 280 605
TWO 77
NEAR_FIRST 876977 876979
SECOND 421381 371258 970384 998363 153393 
THIRD 045714 906397 911225 963923 929285 403995 749301 049940 096450 013545 
FOURTH 545499 956269 669791 266527 479708 663976 904427 209315 291922 501989 561283 360324 266926 171388 132140 139662 844570 644973 278673 473357 549651 148016 523583 147837 006215 828429 067069 354033 597793 723286 932624 682309 047848 098776 672488 273653 157059 495884 945155 482653 164774 921256 290222 610627 493924 787420 904797 948670 553897 925377 
FIFTH 193873 694680 963682 981797 096531 723466 821121 684699 908672 684693 750713 805572 620485 190937 708846 860278 893079 896675 596868 952598 235460 124495 799708 945496 097839 788294 405886 214952 409341 720449 326052 200133 159128 927106 922417 333995 936612 108014 239488 086100 308822 283399 716093 539850 190194 206456 890951 763154 053720 742569 497895 138108 757492 787273 506580 176544 736108 337400 723106 227791 241232 611806 569426 345063 288515 927811 037382 953246 868046 764030 222081 548980 877787 923143 835846 958101 785200 611308 826067 960292 041456 423482 790488 629488 237584 872473 579258 432523 002122 918023 411901 195965 031911 278410 215459 042677 645371 080767 531043 239860 
