http://news.sanook.com/lotto/check/16032568/
FIRST 757563
THREE_FIRST 595 927
THREE_LAST 457 309
TWO 32
NEAR_FIRST 757562 757564
SECOND 989893 041134 465815 875925 748827 
THIRD 571016 750873 472259 455376 633053 139119 141267 347605 246223 909970 
FOURTH 853348 802025 865801 074040 248923 209713 247158 116520 532411 415164 342135 492265 124537 964672 113275 572952 074509 347176 252613 231327 649727 856757 579180 427466 168423 544466 546436 205246 120687 519010 661839 344622 782028 883412 466815 175231 214933 395960 369661 961506 122064 830000 468063 295987 262297 874836 566906 636983 408506 824008 
FIFTH 930065 051805 933952 755320 907596 094743 440097 164129 133740 795591 348500 547511 205399 915106 233255 632802 138684 042591 318762 011186 573421 841412 430316 988703 914448 954469 032771 532065 684442 793479 920930 969472 735763 563666 876311 915765 268658 225984 915506 375607 498114 316228 426624 034665 782761 588685 599129 907523 642669 992720 664304 483655 458447 964766 692681 158520 953027 366349 937521 456950 983847 028135 606555 961105 313132 374805 877480 526740 221239 124954 997455 047836 084790 572339 240622 580626 039933 859329 080656 627079 195765 687423 488862 473219 134502 160909 029268 409757 004058 204243 981958 275463 532573 981550 016450 109999 293176 372464 110149 348438 
