http://news.sanook.com/lotto/check/16112568/
FIRST 458145
THREE_FIRST 242 602
THREE_LAST 239 389
TWO 37
NEAR_FIRST 458144 458146
SECOND 127078 171999 259717 704916 812323 
THIRD 408091 429136 474812 510714 650758 673595 843028 882141 882441 917524 
FOURTH 039331 087937 150014 282362 402352 533242 623635 652071 731254 796134 044090 107966 176258 307079 402876 541448 640180 652118 772542 803246 061800 115820 188086 330756 416678 558565 644747 656421 775404 838502 062271 145428 217498 389005 465687 571468 647797 718337 779933 965044 066764 147062 224732 399060 516642 599728 649035 729002 795483 991872 
FIFTH 025243 102075 195011 296140 393462 476156 547460 697715 814775 909866 029471 105618 208313 304473 400590 478965 565338 708736 817984 912802 042188 112121 209637 318867 424706 480919 595911 718915 832268 920279 045128 123473 214927 330540 432043 482022 595983 720981 838880 933947 049602 141547 227013 347634 445680 484403 599651 739241 839027 936526 050574 147085 237842 353785 447034 493018 618915 739490 860908 943465 051335 152087 239571 373678 447595 494649 622167 760203 868527 951161 069004 160742 251489 376023 459940 511375 646557 792497 886398 966116 075189 170270 254263 376460 472417 542387 647465 796239 887163 972917 100194 189244 279912 381423 473408 545569 662275 812221 894487 973879 
