http://news.sanook.com/lotto/check/01082568/
FIRST 811852
THREE_FIRST 525 142
THREE_LAST 891 512
TWO 50
NEAR_FIRST 811851 811853
SECOND 810260 588144 809975 329930 519877 
THIRD 386089 780240 961961 868310 107594 783732 125639 745126 151810 095057 
FOURTH 354165 268151 454674 100152 824697 219638 102493 608341 921034 648948 206580 035230 149097 473787 547768 263099 580158 693296 782828 355120 935340 933832 727200 257387 092241 569282 955487 961414 358819 638682 784141 811031 047804 240896 405963 424811 816311 035255 876360 832344 648817 740575 607851 994056 612898 566082 437728 875691 029964 855999 
FIFTH 403441 652821 579164 447367 564026 285517 119445 707237 720157 363802 898968 808584 185761 632410 035737 711773 264432 924392 539655 796943 880976 700260 102945 717313 253784 290954 480889 604693 193628 748817 041491 807048 179203 595064 611679 932384 246411 449675 697238 064759 813311 495461 876635 371594 232111 962642 466921 986366 604361 184062 446623 115671 905290 480748 237385 388732 007886 401154 123903 408113 075881 895781 552761 529458 503925 386710 096094 566511 484244 366143 687640 827856 935506 853694 594629 259668 515544 355651 479451 743519 770987 165814 381120 823932 881767 098098 399259 313170 112529 898796 426914 098110 440994 299916 091995 673957 925792 766610 739151 926946 
