http://news.sanook.com/lotto/check/02012568/
FIRST 730209
THREE_FIRST 446 065
THREE_LAST 376 297
TWO 51
NEAR_FIRST 730208 730210
SECOND 671700 144798 440080 905788 764177 
THIRD 810497 593131 632323 286468 543132 651864 017410 023742 950821 441850 
FOURTH 452409 226925 624310 074970 953541 601172 449201 397163 666587 710399 688447 702769 676198 436266 088544 176393 640423 987193 615097 556317 358149 315874 309294 096390 094884 825425 582187 676456 422247 011243 881355 440900 601534 789122 085210 342298 067086 857858 785881 608458 293328 487715 794597 810445 379925 726121 746225 783456 618276 506949 
FIFTH 107563 826029 943848 833998 765600 184544 954563 286901 280825 021492 795138 560785 833636 183320 988047 990183 782267 089960 813239 758578 824174 468305 362401 022786 389866 602267 293532 208923 700600 246839 856581 007186 749177 058809 485535 289954 319306 492579 854220 545258 081441 511582 137743 994546 265752 020744 754462 631702 799442 603121 951202 914603 013427 028982 162386 509831 184821 865081 074378 010081 808422 485072 299555 773620 730910 395375 711289 693949 977363 498509 204356 805029 734145 586000 762213 976957 066939 830173 684186 358876 718146 520298 233615 239089 900063 021023 963902 289147 064372 991165 683261 358456 718339 795129 666663 121888 248890 718590 693948 292298 
