http://news.sanook.com/lotto/check/01112568/
FIRST 345898
THREE_FIRST 449 328
THREE_LAST 111 690
TWO 87
NEAR_FIRST 345897 345899
SECOND 151807 275964 372861 742450 416741 
THIRD 231454 309293 320575 367408 406498 432527 624961 886473 901759 945526 
FOURTH 372848 554459 034875 616353 972837 283619 486349 250773 533934 581991 483837 949743 542108 039184 034682 299476 060471 059554 342118 225976 083510 384547 982809 558965 221495 394760 478604 951811 856702 456052 626969 178606 623348 263137 266926 685305 357303 774512 808184 958168 749936 764632 727529 037977 422669 005170 672363 973879 187218 621577 
FIFTH 454567 203550 017469 104992 388374 994900 142375 865792 384866 673286 193425 541327 297496 131032 997691 062960 119019 370767 531239 410723 855304 199848 042645 656303 888388 935791 573163 368512 743235 499780 874547 630020 869844 432326 499824 027532 252424 027756 134746 788440 238077 063283 724114 378288 918769 453239 062418 846251 934338 455805 277548 704615 755906 862470 885180 500087 514548 359396 878391 002137 535748 348324 337060 192290 662085 499502 469810 581340 785389 061816 231959 050413 139934 571550 529501 649557 329595 209537 156459 610072 609205 505868 853862 271803 780480 336305 385514 514482 042030 199045 699332 453201 236644 397017 687066 432598 566649 778642 743096 616600 
