http://news.sanook.com/lotto/check/16022568/
FIRST 847377
THREE_FIRST 268 613
THREE_LAST 652 001
TWO 50
NEAR_FIRST 847376 847378
SECOND 234582 403022 464953 572417 822419 
THIRD 126320 273711 405988 424303 467127 497867 642152 645024 657401 907658 
FOURTH 021660 094541 151964 192006 293096 376516 478552 642332 735617 824459 037244 099058 164088 228271 322129 403627 560894 696028 742179 855651 073045 100051 168378 231605 325152 404509 573676 706119 785084 870601 077913 100287 173448 248640 344581 439018 575954 724366 797797 913399 085810 139733 179357 256518 366488 467561 638899 731665 803962 940805 
FIFTH 015842 089391 176466 234984 426726 544344 648082 744940 797831 892188 022284 093553 181947 263695 445223 548796 657946 758171 813732 908784 028396 098615 185480 273605 450668 569785 670630 761693 814089 909439 028524 127859 185608 278951 454211 573685 682227 766778 816210 916212 035100 136371 186903 285218 459106 581971 712333 773808 818178 952284 036290 138431 187299 327045 465924 598830 721972 776547 824691 960752 065561 144457 189048 348781 466469 608117 727955 778179 838824 964213 075197 144831 195215 398268 478917 611526 730383 781676 856391 977130 076869 146668 195390 413481 485062 616650 734859 787725 857575 978302 080839 173114 227491 421005 494337 637061 736301 790653 865227 998649 
