http://news.sanook.com/lotto/check/01032568/
FIRST 818894
THREE_FIRST 139 530
THREE_LAST 781 656
TWO 54
NEAR_FIRST 818893 818895
SECOND 626086 009425 706361 445710 966801 
THIRD 073890 543296 989397 164491 337602 708975 265729 198946 939068 123509 
FOURTH 940408 033953 531409 036660 705735 083894 298466 403073 109672 776759 050705 892775 917346 596529 648142 606229 534220 035786 656620 802886 924160 359272 461198 730796 347098 314436 652959 466654 963209 938342 190194 786889 482643 760808 764499 770896 433312 399140 261092 730690 783813 127601 121143 801667 406749 300157 052868 722324 815244 047197 
FIFTH 608427 795363 399660 215784 720680 622328 154530 495643 253930 172143 993052 400084 237014 561656 880304 336835 325053 827929 332950 359521 108798 922294 272193 765241 850203 837254 196824 157570 713335 244432 255142 028348 879210 092952 836397 989074 372164 816587 641873 679023 906844 989237 557740 060137 753659 450981 667158 506232 219953 701748 750470 583089 660401 549267 767982 824645 510846 702804 291205 519732 419305 432973 429243 983571 805860 376226 519069 284819 875552 840042 140002 384608 887529 968167 777059 965121 266027 933882 609909 764291 452554 560073 163865 013081 522828 712633 289079 751539 015145 735425 044736 947659 261524 554737 015230 181502 336944 153215 788314 559492 
