http://news.sanook.com/lotto/check/17012568/
FIRST 807779
THREE_FIRST 699 961
THREE_LAST 448 477
TWO 23
NEAR_FIRST 807778 807780
SECOND 036472 050976 222219 270761 434041 
THIRD 150858 171891 266360 343475 347618 359726 500319 704912 722137 825528 
FOURTH 014861 088212 222848 408346 496586 586556 625828 713480 872116 928126 053892 119503 302011 437722 527626 598277 651488 725948 872641 933578 056479 129742 318159 450097 533037 604366 702504 789093 876684 945648 063321 143678 325286 454535 542186 609776 704274 798955 877824 945826 064964 205041 346068 470098 566714 610859 710783 800333 878459 987393 
FIFTH 043279 123993 210295 316422 438472 502170 593728 756985 856619 916126 049995 130734 223533 331211 441395 507902 607502 762951 865789 928875 073623 137909 247549 333442 450181 547227 639060 773575 876447 936733 077498 142319 248476 345049 452835 558354 643367 777069 881587 951727 090497 152447 258099 355228 454511 573284 668531 797858 885682 960424 092964 156151 263398 389765 455156 574988 677331 814551 886107 967694 113048 159033 291739 407093 460376 578320 684061 825672 897050 969069 114470 162695 304278 412407 466517 578683 722197 826509 905392 975949 117572 170696 311607 431591 470491 584332 730086 850801 905652 981397 121983 197913 314719 433776 500988 591078 740807 856352 906133 996272 
