http://news.sanook.com/lotto/check/16102568/
FIRST 059696
THREE_FIRST 531 955
THREE_LAST 476 889
TWO 61
NEAR_FIRST 059695 059697
SECOND 122579 128154 162002 682686 900683 
THIRD 035294 232638 258578 331208 520909 520988 581115 626340 653010 909135 
FOURTH 002789 138533 213198 229201 297369 428086 581331 660548 733483 924140 061998 139994 220290 230962 319360 432251 584896 677274 763118 937360 107130 150733 221569 249376 355712 524868 588743 690684 781407 944269 119998 201495 227359 255671 386120 543434 599367 715480 794084 961292 125382 209956 227683 273253 427382 565140 616676 732485 856766 961383 
FIFTH 005419 051152 206216 342744 426198 474724 551624 690359 782976 884912 008137 060497 208934 345632 432156 479129 552374 695477 794638 886335 008600 080594 219697 353406 440698 479700 561055 696009 797749 897762 014301 086490 226211 356063 452022 480311 563034 715521 798063 919491 017642 090692 235300 366408 457865 482166 598541 721572 832537 925245 018964 100291 251736 369721 461425 504003 615792 736771 833448 942551 032482 137506 258859 388123 466608 506835 656224 747493 837309 945441 039686 161317 259463 398705 467387 519400 686230 775018 854378 979823 041158 172315 277401 413692 468988 548277 686420 778141 857330 980830 043508 187835 305386 420854 474094 550515 686955 779790 882838 996578 
