http://news.sanook.com/lotto/check/01022568/
FIRST 558700
THREE_FIRST 285 418
THREE_LAST 824 685
TWO 51
NEAR_FIRST 558699 558701
SECOND 638065 719083 911999 883775 180367 
THIRD 950699 572689 188548 805704 443022 989351 514538 592134 917964 556224 
FOURTH 233725 491970 645967 830929 779827 205879 705634 082186 556556 164298 870742 088036 848970 367734 659209 667860 830628 074973 513218 770832 406797 974031 540915 145374 854433 040227 924237 396135 470781 099363 631224 529529 349710 837682 131842 456222 662127 768307 057554 724970 149975 431300 689248 256225 197551 909244 372733 643063 302216 203596 
FIFTH 862547 434315 834118 899789 242460 395207 386735 976085 839421 520235 249797 556099 228943 843874 146717 237637 256651 468417 319578 357324 293875 666309 458153 521615 488003 625188 262969 346327 528246 218574 820208 225654 538250 128987 101130 719219 813271 480659 510530 004666 115205 019984 926141 609274 944711 447638 475118 818954 669725 728225 539134 660585 373449 128024 952420 318992 619350 127333 703932 416441 414767 054345 070967 423932 393295 756019 558425 157450 418226 923554 127745 774336 326507 002886 651277 776946 584125 703901 388391 915232 774187 938687 485292 572844 756167 689128 656732 158717 756513 669408 011487 964295 500656 405669 952463 713917 158957 489146 027205 552257 
