http://news.sanook.com/lotto/check/01042568/
FIRST 669687
THREE_FIRST 635 760
THREE_LAST 180 666
TWO 36
NEAR_FIRST 669686 669688
SECOND 032218 055440 120441 317176 903895 
THIRD 115898 269444 430077 617158 677417 699092 863114 898356 968267 976075 
FOURTH 001477 179643 264282 367741 465015 585929 689814 744799 804468 910964 057527 196802 325749 370842 541755 592546 704849 760916 811292 914197 108857 235692 344000 378835 552715 594199 720039 781735 821017 920845 121573 248088 360695 384674 564540 607488 720557 783654 861456 922149 169205 250447 367601 438967 585110 658419 741507 798376 874164 947528 
FIFTH 013285 124989 208682 284666 351169 431047 527148 677949 815778 910427 018622 136635 219981 294649 369585 443514 546550 682271 818538 915483 051582 137999 221516 298045 371071 444062 558934 706029 825153 937904 085044 160898 261364 303004 383253 445902 590140 721441 839651 943169 085289 163884 262674 316549 389310 453326 596614 725275 845815 947029 099352 166410 264275 321168 394122 464859 602580 730362 853960 961373 099914 172330 268816 323033 398927 473572 613625 734692 858706 966602 111713 184490 273157 331123 415338 479122 613701 804719 881777 978651 116139 189581 278540 337988 426752 503667 635475 806244 889174 987977 122396 201364 278920 349486 431020 517040 666321 810743 897967 993970 
