http://news.sanook.com/lotto/check/16082568/
FIRST 994865
THREE_FIRST 247 602
THREE_LAST 834 989
TWO 63
NEAR_FIRST 994864 994866
SECOND 125498 186972 214818 470306 614735 
THIRD 143483 266113 287931 513832 529861 637633 745255 863033 882121 999696 
FOURTH 013278 085364 238882 321760 391483 468121 563319 625936 744031 892195 014009 144860 269016 373039 405963 473791 565227 633043 746746 901394 056218 162627 297657 381344 414365 480296 590879 634439 848933 963590 061418 184058 310000 389053 428105 482573 591320 671937 855063 966871 068914 237001 312875 390112 459608 499611 601842 710608 880096 996640 
FIFTH 009012 137282 224856 282595 344137 450505 603032 685690 785675 901273 011786 156478 248778 297637 349672 459485 611866 704621 802817 902587 014431 156979 250059 298608 351638 469741 615286 707162 821010 909687 042655 171850 255463 302404 357666 499182 616672 707559 838185 920575 064427 178897 264396 307095 375112 512548 617086 719503 842653 926536 067602 186004 269624 317582 389192 555875 630146 723261 843202 928960 079001 200642 273955 322164 403109 568807 637587 741573 861656 937727 106155 205084 276252 334912 424177 580474 651213 758277 873126 952539 107168 207298 278751 336799 440544 600999 654692 772390 889693 957037 125019 223344 282577 337330 445006 602978 677505 778655 900034 992585 
