http://news.sanook.com/lotto/check/16052568/
FIRST 251309
THREE_FIRST 109 231
THREE_LAST 965 631
TWO 87
NEAR_FIRST 251308 251310
SECOND 182071 303897 753325 918367 345546 
THIRD 481808 281248 162850 526928 934824 625901 406069 186926 509475 574474 
FOURTH 283580 712027 917283 680144 925179 392812 027830 508889 652396 266145 872562 408260 798092 237611 123122 906129 351242 691641 580410 357100 884212 256438 582187 020602 711541 691286 410749 082350 930942 354591 525592 812751 260781 925601 262504 333990 660390 270947 080997 190932 600532 434741 156947 823820 998480 384552 408595 185474 094058 023204 
FIFTH 635178 405949 926027 467768 550487 171967 541729 280889 383877 754032 137618 754692 210179 107286 782647 266597 635867 843899 815928 558136 228733 546546 582378 264848 823008 220942 612792 805508 805646 019207 461349 794042 350125 906578 610560 424822 532223 735932 104146 297869 810984 814628 197678 119002 849156 027896 967087 077544 836072 801502 580653 790016 011467 654516 251503 198703 946933 748431 975278 031564 817487 668691 643126 373108 271449 351680 893849 773403 311863 520008 154225 040377 468247 527011 432165 624200 384192 653239 745944 337451 161330 884930 070317 859676 799760 922583 094927 292053 677227 944359 685587 372547 552416 148592 530872 711852 375940 574402 481879 710177 
