http://news.sanook.com/lotto/check/01042569/
FIRST 292514
THREE_FIRST 406 113
THREE_LAST 851 098
TWO 47
NEAR_FIRST 292513 292515
SECOND 491941 730992 381790 865308 276356 
THIRD 030158 004579 813180 687640 487893 500244 129247 617221 197088 545393 
FOURTH 042330 676520 709110 372875 359109 731246 407928 580059 380592 300280 087837 246542 109229 749940 458151 903204 635067 534193 849259 792441 176304 820763 635350 838541 791935 458029 935926 397622 271839 296599 921227 337839 075461 101818 451401 197553 092869 013473 168852 368651 905611 446249 045400 128592 743917 398495 788225 323800 761829 021194 
FIFTH 073445 189029 224323 978092 178232 560876 144902 961660 946965 786008 063019 527304 064264 575825 443538 437489 011457 131887 209872 484187 142533 495163 489851 843454 753194 684611 755515 715385 042727 616595 437053 405436 764199 033938 107309 738578 263052 042268 751589 895575 581870 520468 684178 374934 043015 188600 829189 969503 267956 224460 464963 980041 629646 321191 566905 283793 637544 874151 672322 712328 989259 230826 669930 456060 323975 938158 676838 538210 731068 951109 944944 768138 513096 383606 868974 201857 496887 349831 708860 710743 550380 611148 665874 525809 316043 682252 460073 952713 500201 786782 556681 716818 154464 251253 264086 755992 955113 065689 107453 486789 
