http://news.sanook.com/lotto/check/16052569/
FIRST 107387
THREE_FIRST 091 298
THREE_LAST 602 716
TWO 08
NEAR_FIRST 107386 107388
SECOND 263672 472969 719130 940668 966501 
THIRD 035214 127571 299117 397416 442597 495654 764344 842095 916494 927559 
FOURTH 015159 122789 202463 246384 448454 515393 617790 670908 737612 890886 054374 131972 205477 339524 473279 525122 618102 679675 776631 942309 102596 141517 230019 340411 476130 562667 626184 696816 791932 953690 113893 142204 234047 397714 482526 571131 627347 713909 805803 995861 114615 158704 241336 418217 485998 610178 656268 722387 845657 998007 
FIFTH 003215 095799 194146 294679 384083 434221 573970 674906 823225 876696 003503 096415 201713 306218 384360 468811 593755 704301 829364 878645 006583 097064 205267 310474 392278 471220 600238 739194 831451 918156 010593 140667 205593 314230 399179 480769 601276 742809 852904 923378 021767 156367 215125 331494 400917 494317 603999 744713 855111 923763 028813 162253 269232 335239 401878 498303 611788 783736 859304 946363 048450 164704 280247 349460 413883 545930 637330 796753 859492 950766 050313 172670 290134 358201 414283 547934 641374 803396 859834 951047 052448 180807 290912 367623 423130 554773 642130 814273 862336 977969 080385 192366 293038 383570 428993 572024 652893 819662 862987 988557 
