http://news.sanook.com/lotto/check/16042569/
FIRST 309612
THREE_FIRST 355 108
THREE_LAST 868 424
TWO 77
NEAR_FIRST 309611 309613
SECOND 175203 554697 097722 482398 419269 
THIRD 753452 443166 742087 806727 746898 575200 136798 916619 366037 870392 
FOURTH 280931 961998 752784 053998 921061 771741 413706 103606 713879 523030 701682 063511 159301 763127 526441 866515 174044 569028 536982 171491 700367 519700 627895 817667 087692 639438 458972 682006 191638 602668 637866 481134 669565 719367 133661 664256 903397 859129 245767 256607 560388 781515 161295 633305 260122 143294 105308 219234 775366 665957 
FIFTH 466167 643979 575626 809679 614737 341672 075215 580352 088861 921882 567120 262875 972150 321989 901907 478025 851127 862070 463548 764313 308944 487412 923385 359644 895466 514910 430855 706055 059540 880710 039841 169267 207763 884864 390298 377113 873729 136308 799609 430918 699417 956236 785377 973932 723263 489311 949145 690050 872142 884575 363303 704823 550509 197303 125652 952338 292940 502854 769247 996052 981667 424666 702950 079596 187260 812045 394301 709974 405032 039918 805961 006709 671239 018321 946972 724065 261302 135907 629560 070427 793808 749418 295988 346756 749434 883015 726415 008071 661367 525909 319234 042696 431029 473913 269683 042198 443484 462241 765161 374579 
