http://news.sanook.com/lotto/check/02012569/
FIRST 837706
THREE_FIRST 694 347
THREE_LAST 288 765
TWO 16
NEAR_FIRST 837705 837707
SECOND 684306 385829 104358 457856 305133 
THIRD 103473 722678 681226 894798 382760 625781 159182 504323 979539 575153 
FOURTH 087948 911760 964534 951422 921197 390901 881589 957579 220479 634579 525124 175600 077284 108995 834392 163336 042954 677190 496946 704317 469546 602969 090488 148251 984709 098742 371805 135686 382601 753231 698230 647791 419565 058705 292496 551002 912641 797998 819949 494774 427938 009137 774682 474446 466069 227852 069926 296302 770594 954784 
FIFTH 640649 903515 018511 340396 260275 347916 052624 066467 400569 313200 956587 394615 347555 789457 967666 822494 698015 141964 165037 746917 420175 066787 282425 650697 101187 467985 072218 143859 811115 501262 154810 741171 392022 247750 472179 525380 968928 218883 779319 609021 257054 840775 933456 507558 433131 577013 384097 425533 772677 085369 722077 864451 301018 539302 821550 856698 665308 344451 936436 377579 352780 029852 611097 908959 519010 514704 546351 923396 809872 010762 769384 596598 161209 324836 506069 675396 713690 514983 256779 843173 688159 877382 446114 933489 079513 277191 219402 744292 118074 612654 476148 426357 257232 819472 698943 992325 099278 802029 246256 154759 
