http://news.sanook.com/lotto/check/01032569/
FIRST 820866
THREE_FIRST 479 054
THREE_LAST 068 837
TWO 06
NEAR_FIRST 820865 820867
SECOND 328032 716735 320227 373865 731233 
THIRD 848897 255067 135646 194429 262799 085123 148874 020061 680266 140134 
FOURTH 323190 925072 535378 587360 491415 588075 099628 811332 467392 779499 880832 980352 848712 716797 792492 937022 813746 205964 295304 540947 127029 623450 347818 054740 907668 832799 646395 286487 380961 193102 586410 044722 047452 222751 738248 187985 757121 541290 630041 292734 332699 784679 432973 410260 113897 132045 413688 216891 411233 885962 
FIFTH 966248 942374 170707 047868 927971 978290 647305 930901 915138 746295 080931 625677 820038 514523 355319 499550 168204 597602 191294 369368 130650 778199 310238 602057 005234 794359 841013 934789 462043 415731 996758 802249 023809 000698 012257 833673 901478 853789 393503 713934 122622 704497 771654 796059 859020 685726 677912 060975 238233 289011 210279 249742 206129 756658 492932 393946 771529 067965 568699 406776 132441 064933 458185 211840 927715 456304 076812 792984 910398 627411 454166 841373 281712 844523 047642 922493 724127 529176 927034 263722 816941 411270 842499 787410 672686 557396 226259 194903 702405 971932 991285 818143 298748 502565 297471 101102 239806 946014 430013 237772 
