http://news.sanook.com/lotto/check/16032569/
FIRST 833009
THREE_FIRST 510 983
THREE_LAST 439 954
TWO 64
NEAR_FIRST 833008 833010
SECOND 117025 179593 374236 397484 735523 
THIRD 059493 138565 182277 298749 404097 487540 577743 625073 654498 837597 
FOURTH 007567 078977 180744 249388 321823 446056 555748 675895 797796 954048 029255 089857 201187 272045 324346 459757 565081 735221 812558 960949 059485 092685 212645 280129 324916 469188 579461 736554 820609 966241 070451 107914 236689 311922 395110 503941 603558 745920 850019 978750 077905 139317 246777 311988 434858 506568 669082 746770 869653 997677 
FIFTH 017302 069126 175727 282835 396223 483882 619290 717271 837068 918949 022869 081659 192312 298403 404850 486260 648647 724005 839524 931437 031227 083222 202155 299654 405743 499190 658083 745140 841507 958669 032558 090173 217417 308776 420840 515904 664006 769134 842453 960056 040017 121582 238719 312487 421239 547491 686557 782509 859319 963508 053363 129636 247185 325318 422025 558370 700094 797189 878413 966376 054220 134959 248160 334816 426445 564499 705090 809274 906900 977089 060705 139611 261044 335661 461514 588245 705159 812630 913334 983987 061436 142662 261105 336209 467533 592181 709068 813220 913523 984866 066369 159666 263925 358156 476995 599204 712646 828287 918203 985993 
