http://news.sanook.com/lotto/check/02052569/
FIRST 536077
THREE_FIRST 267 318
THREE_LAST 065 153
TWO 43
NEAR_FIRST 536076 536078
SECOND 066595 085702 564187 725574 758996 
THIRD 061816 069472 116564 134320 184357 213562 442701 511289 568042 981256 
FOURTH 041714 102006 201300 311429 436416 546190 630519 742797 820709 889011 056252 109037 255960 316104 445943 547508 663022 765502 833750 898737 060867 121308 270750 337701 455485 556189 670910 770781 835417 899160 081719 181813 288284 397487 502744 626136 685941 779764 841391 913812 100880 200417 308975 429272 514076 629797 686989 792881 870563 936909 
FIFTH 006124 078802 216305 330440 400894 500509 597496 700647 806432 926557 017343 137831 221114 342012 414769 509969 598792 719379 826411 941695 034965 145983 229713 352663 416321 511091 604564 729068 833878 942314 041877 150856 244354 352690 423549 527246 614336 751660 839188 944269 042391 151786 249714 360467 424744 549282 627849 752894 839608 959075 054977 158941 278558 368276 463402 551011 640596 760809 842423 968171 055775 159739 280349 372387 473260 551604 640853 766645 853114 976407 055817 199646 288145 377896 478145 562867 643872 797182 884808 987016 056348 200369 316654 381475 480281 574889 644098 799280 895873 987630 073299 208779 323420 393222 487849 588367 680580 803561 925796 990813 
