http://news.sanook.com/lotto/check/01022569/
FIRST 174629
THREE_FIRST 917 195
THREE_LAST 408 041
TWO 48
NEAR_FIRST 174628 174630
SECOND 048036 374502 602910 679914 889775 
THIRD 145551 167591 216443 236455 319246 428751 479569 586374 592665 893288 
FOURTH 004427 242652 266256 297562 391432 538731 613010 695755 771134 839220 048178 242893 275320 326375 407126 542764 630109 710588 796321 866166 192972 246525 282059 328346 423483 600759 633827 718890 804105 870519 208769 247143 287243 350883 427968 604778 651287 736797 808593 963842 241852 249030 287292 377600 469942 609198 655598 755949 811271 993587 
FIFTH 000575 054754 225058 296996 383514 476748 562923 664084 768482 874265 001748 069035 237806 299277 383649 493820 591145 674634 795361 891763 004032 089447 251893 306934 393701 529898 618658 678358 798378 892661 005170 090116 260267 307310 396449 532159 632552 681109 817156 902162 015930 103304 260592 312009 423344 537830 632576 681325 832668 927213 028288 103742 264668 337975 426735 539052 634513 688316 835232 944716 036929 118346 266525 363371 454523 544055 635894 736785 841210 958247 039168 120536 268024 378697 472821 544162 642707 752340 845518 961591 049786 211832 271442 379999 473151 560604 649677 764377 865332 969437 054311 222763 274462 380022 475522 560970 651872 764459 867328 983524 
